              precision    recall  f1-score   support

           0       0.19      0.73      0.31      1000
           1       0.82      0.21      0.34      1000
           2       0.36      0.37      0.37      1000
           3       0.27      0.14      0.18      1000
           4       0.48      0.24      0.32      1000
           5       0.29      0.17      0.21      1000
           6       0.39      0.39      0.39      1000
           7       0.78      0.18      0.29      1000
           8       0.34      0.66      0.45      1000
           9       0.78      0.16      0.26      1000

    accuracy                           0.33     10000
   macro avg       0.47      0.32      0.31     10000
weighted avg       0.47      0.33      0.31     10000
