              precision    recall  f1-score   support

           0       0.32      0.29      0.30        52
           1       0.65      0.84      0.73        85
           2       0.65      0.52      0.58       152
           3       0.42      0.55      0.48        49
           4       0.47      0.40      0.43       114
           5       0.78      0.72      0.75        88
           6       0.72      0.70      0.71        96
           7       0.53      0.54      0.53        72
           8       0.28      0.24      0.26        72
           9       0.79      0.68      0.73       139
          10       0.48      0.43      0.45        75
          11       0.49      0.46      0.48        95
          12       0.63      0.53      0.57        87
          13       0.58      0.49      0.53        71
          14       0.55      0.58      0.56        59
          15       0.36      0.40      0.38        53
          16       0.41      0.58      0.48        57
          17       0.48      0.46      0.47        48
          18       0.36      0.45      0.40        51
          19       0.50      0.38      0.43       118
          20       0.39      0.33      0.36        82
          21       0.29      0.29      0.29        87
          22       0.58      0.72      0.64        88
          23       0.65      0.62      0.63        96
          24       0.43      0.71      0.54        51
          25       0.41      0.39      0.40       100
          26       0.64      0.48      0.55       132
          27       0.52      0.62      0.56        60
          28       0.31      0.31      0.31        55
          29       0.32      0.19      0.24        64
          30       0.72      0.72      0.72        82
          31       0.68      0.78      0.73        72
          32       0.67      0.57      0.62        79
          33       0.48      0.58      0.53        69
          34       0.45      0.44      0.45        72
          35       0.56      0.49      0.53        85
          36       0.34      0.45      0.39        64
          37       0.64      0.60      0.62        57
          38       0.51      0.37      0.43        97
          39       0.61      0.60      0.60       102
          40       0.64      0.57      0.60       102
          41       0.54      0.37      0.44        97
          42       0.52      0.50      0.51        96
          43       0.53      0.57      0.55        80
          44       0.65      0.67      0.66        82
          45       0.23      0.24      0.24        54
          46       0.29      0.32      0.30        57
          47       0.40      0.42      0.41        55
          48       0.49      0.60      0.54        58
          49       0.51      0.45      0.48       106
          50       0.57      0.52      0.54        83
          51       0.42      0.39      0.41        56
          52       0.49      0.55      0.52        69
          53       0.40      0.36      0.38        86
          54       0.36      0.46      0.40        52
          55       0.51      0.55      0.53        51
          56       0.45      0.56      0.50        50
          57       0.41      0.41      0.41        71
          58       0.57      0.57      0.57        67
          59       0.51      0.48      0.50        52
          60       0.44      0.76      0.55        54
          61       0.53      0.49      0.51        61
          62       0.65      0.82      0.73        55
          63       0.54      0.72      0.61        53
          64       0.45      0.56      0.50        52
          65       0.61      0.76      0.68        50
          66       0.69      0.68      0.68        59
          67       0.62      0.66      0.64        50
          68       0.50      0.34      0.40        59
          69       0.69      0.86      0.77        51
          70       0.52      0.56      0.54        50
          71       0.37      0.50      0.43        50
          72       0.48      0.54      0.50        54
          73       0.32      0.40      0.36        50
          74       0.46      0.52      0.49        50
          75       0.39      0.54      0.45        52
          76       0.29      0.26      0.28        53
          77       0.68      0.76      0.72        54
          78       0.54      0.71      0.61        69
          79       0.50      0.54      0.52        57
          80       0.35      0.42      0.38        53
          81       0.41      0.44      0.42        50
          82       0.41      0.46      0.43        50
          83       0.53      0.62      0.57        52
          84       0.46      0.56      0.50        52
          85       0.40      0.50      0.44        50
          86       0.60      0.52      0.56        84
          87       0.59      0.66      0.62        68
          88       0.85      0.67      0.75       118
          89       0.37      0.37      0.37        51
          90       0.64      0.64      0.64       102
          91       0.35      0.35      0.35        51
          92       0.57      0.61      0.59        56
          93       0.47      0.48      0.48        52
          94       0.46      0.32      0.38        59
          95       0.25      0.30      0.28        56
          96       0.84      0.84      0.84        70
          97       0.13      0.18      0.15        50
          98       0.37      0.36      0.37        78
          99       0.33      0.32      0.32        92
         100       0.49      0.44      0.46        50
         101       0.54      0.46      0.50       109
         102       0.67      0.53      0.59       100
         103       0.79      0.76      0.77       110
         104       0.48      0.31      0.37        95
         105       0.46      0.46      0.46       113
         106       0.69      0.69      0.69       118
         107       0.88      0.71      0.78       119
         108       0.86      0.66      0.75        96
         109       0.71      0.76      0.73        58
         110       0.74      0.70      0.72        53
         111       0.58      0.52      0.55        81
         112       0.31      0.33      0.32        55
         113       0.16      0.14      0.15        51
         114       0.16      0.16      0.16        55
         115       0.11      0.08      0.09        59
         116       0.60      0.64      0.62        55
         117       0.45      0.54      0.49        56
         118       0.59      0.76      0.67        50
         119       0.68      0.78      0.73        69

    accuracy                           0.52      8580
   macro avg       0.51      0.52      0.51      8580
weighted avg       0.53      0.52      0.52      8580
