              precision    recall  f1-score   support

           0       0.01      0.02      0.02        52
           1       0.06      0.13      0.08        85
           2       0.13      0.01      0.02       152
           3       0.02      0.06      0.03        49
           4       0.00      0.00      0.00       114
           5       0.06      0.11      0.08        88
           6       0.01      0.01      0.01        96
           7       0.11      0.03      0.04        72
           8       0.04      0.03      0.03        72
           9       0.05      0.03      0.04       139
          10       0.04      0.09      0.05        75
          11       0.08      0.01      0.02        95
          12       0.10      0.02      0.04        87
          13       0.02      0.03      0.02        71
          14       0.10      0.07      0.08        59
          15       0.02      0.02      0.02        53
          16       0.06      0.07      0.07        57
          17       0.05      0.12      0.07        48
          18       0.02      0.02      0.02        51
          19       0.15      0.02      0.03       118
          20       0.00      0.00      0.00        82
          21       0.00      0.00      0.00        87
          22       0.03      0.03      0.03        88
          23       0.00      0.00      0.00        96
          24       0.00      0.00      0.00        51
          25       0.00      0.00      0.00       100
          26       0.09      0.14      0.11       132
          27       0.00      0.00      0.00        60
          28       0.00      0.00      0.00        55
          29       0.03      0.02      0.02        64
          30       0.00      0.00      0.00        82
          31       0.02      0.03      0.02        72
          32       0.09      0.06      0.08        79
          33       0.03      0.03      0.03        69
          34       0.14      0.01      0.03        72
          35       0.00      0.00      0.00        85
          36       0.00      0.00      0.00        64
          37       0.04      0.07      0.05        57
          38       0.00      0.00      0.00        97
          39       0.02      0.01      0.01       102
          40       0.00      0.00      0.00       102
          41       0.05      0.01      0.02        97
          42       0.00      0.00      0.00        96
          43       0.04      0.04      0.04        80
          44       0.05      0.07      0.06        82
          45       0.00      0.00      0.00        54
          46       0.03      0.09      0.05        57
          47       0.00      0.00      0.00        55
          48       0.05      0.09      0.06        58
          49       0.04      0.02      0.02       106
          50       0.05      0.07      0.06        83
          51       0.04      0.04      0.04        56
          52       0.00      0.00      0.00        69
          53       0.00      0.00      0.00        86
          54       0.02      0.02      0.02        52
          55       0.04      0.31      0.08        51
          56       0.05      0.02      0.03        50
          57       0.00      0.00      0.00        71
          58       0.00      0.00      0.00        67
          59       0.01      0.02      0.02        52
          60       0.00      0.00      0.00        54
          61       0.00      0.00      0.00        61
          62       0.02      0.05      0.03        55
          63       0.05      0.21      0.08        53
          64       0.00      0.00      0.00        52
          65       0.03      0.10      0.05        50
          66       0.00      0.00      0.00        59
          67       0.03      0.04      0.03        50
          68       0.00      0.00      0.00        59
          69       0.04      0.12      0.06        51
          70       0.06      0.08      0.07        50
          71       0.02      0.04      0.02        50
          72       0.03      0.06      0.04        54
          73       0.00      0.00      0.00        50
          74       0.00      0.00      0.00        50
          75       0.02      0.02      0.02        52
          76       0.00      0.00      0.00        53
          77       0.01      0.02      0.02        54
          78       0.00      0.00      0.00        69
          79       0.03      0.05      0.03        57
          80       0.00      0.00      0.00        53
          81       0.03      0.16      0.05        50
          82       0.03      0.22      0.05        50
          83       0.00      0.00      0.00        52
          84       0.04      0.06      0.05        52
          85       0.00      0.00      0.00        50
          86       0.08      0.05      0.06        84
          87       0.01      0.01      0.01        68
          88       0.09      0.01      0.02       118
          89       0.07      0.22      0.10        51
          90       0.00      0.00      0.00       102
          91       0.00      0.00      0.00        51
          92       0.00      0.00      0.00        56
          93       0.00      0.00      0.00        52
          94       0.00      0.00      0.00        59
          95       0.00      0.00      0.00        56
          96       0.06      0.16      0.09        70
          97       0.01      0.02      0.01        50
          98       0.03      0.01      0.02        78
          99       0.00      0.00      0.00        92
         100       0.06      0.04      0.05        50
         101       0.09      0.06      0.07       109
         102       1.00      0.01      0.02       100
         103       0.12      0.12      0.12       110
         104       0.08      0.01      0.02        95
         105       0.00      0.00      0.00       113
         106       0.00      0.00      0.00       118
         107       0.10      0.24      0.14       119
         108       0.00      0.00      0.00        96
         109       0.01      0.02      0.02        58
         110       0.06      0.11      0.08        53
         111       0.00      0.00      0.00        81
         112       0.00      0.00      0.00        55
         113       0.00      0.00      0.00        51
         114       0.00      0.00      0.00        55
         115       0.03      0.02      0.02        59
         116       0.03      0.07      0.04        55
         117       0.01      0.07      0.02        56
         118       0.04      0.20      0.07        50
         119       0.05      0.09      0.06        69

    accuracy                           0.04      8580
   macro avg       0.04      0.04      0.03      8580
weighted avg       0.05      0.04      0.03      8580
