              precision    recall  f1-score   support

           0       0.84      0.89      0.87      1000
           1       0.92      0.95      0.94      1000
           2       0.83      0.81      0.82      1000
           3       0.73      0.68      0.70      1000
           4       0.84      0.82      0.83      1000
           5       0.74      0.78      0.76      1000
           6       0.85      0.90      0.87      1000
           7       0.89      0.88      0.89      1000
           8       0.93      0.91      0.92      1000
           9       0.92      0.89      0.91      1000

    accuracy                           0.85     10000
   macro avg       0.85      0.85      0.85     10000
weighted avg       0.85      0.85      0.85     10000
