brightness: [94.31, 94.02, 93.53, 92.9, 91.37]
contrast: [94.2, 92.96, 91.21, 87.37, 57.38]
defocus_blur: [94.26, 92.88, 88.58, 79.73, 55.9]
elastic_transform: [89.97, 89.97, 85.96, 80.38, 76.8]
fog: [94.22, 93.37, 92.43, 90.04, 77.09]
frost: [90.27, 85.64, 76.69, 74.77, 64.67]
gaussian_blur: [94.27, 88.5, 78.12, 63.48, 35.22]
gaussian_noise: [75.6, 54.96, 38.24, 32.66, 28.73]
glass_blur: [49.54, 52.12, 58.12, 40.86, 46.11]
impulse_noise: [88.71, 79.97, 70.05, 49.81, 33.77]
jpeg_compression: [86.87, 82.52, 80.45, 78.04, 74.81]
motion_blur: [89.33, 82.3, 73.66, 73.41, 65.5]
pixelate: [92.75, 87.66, 82.85, 64.19, 47.54]
saturate: [92.61, 89.87, 93.85, 91.68, 88.24]
shot_noise: [84.01, 73.67, 50.71, 43.38, 33.55]
snow: [90.54, 80.82, 84.87, 82.52, 77.42]
spatter: [92.75, 89.13, 85.4, 89.68, 83.56]
speckle_noise: [84.22, 69.94, 62.21, 48.95, 38.78]
zoom_blur: [88.23, 85.03, 79.01, 72.31, 60.42]
