              precision    recall  f1-score   support

           0       0.63      0.72      0.67      1000
           1       0.62      0.68      0.65      1000
           2       0.48      0.46      0.47      1000
           3       0.44      0.28      0.34      1000
           4       0.52      0.45      0.48      1000
           5       0.52      0.52      0.52      1000
           6       0.56      0.68      0.62      1000
           7       0.61      0.59      0.60      1000
           8       0.69      0.74      0.71      1000
           9       0.58      0.61      0.60      1000

    accuracy                           0.57     10000
   macro avg       0.57      0.57      0.57     10000
weighted avg       0.57      0.57      0.57     10000
