              precision    recall  f1-score   support

           0       0.95      0.95      0.95      1000
           1       0.96      0.98      0.97      1000
           2       0.92      0.94      0.93      1000
           3       0.90      0.87      0.88      1000
           4       0.96      0.95      0.95      1000
           5       0.89      0.92      0.91      1000
           6       0.97      0.97      0.97      1000
           7       0.97      0.96      0.96      1000
           8       0.97      0.97      0.97      1000
           9       0.98      0.95      0.96      1000

    accuracy                           0.95     10000
   macro avg       0.95      0.95      0.95     10000
weighted avg       0.95      0.95      0.95     10000
