              precision    recall  f1-score   support

           0       0.61      0.52      0.56        52
           1       0.77      0.81      0.79        85
           2       0.88      0.69      0.77       152
           3       0.71      0.73      0.72        49
           4       0.67      0.61      0.64       114
           5       0.84      0.82      0.83        88
           6       0.86      0.84      0.85        96
           7       0.66      0.68      0.67        72
           8       0.56      0.51      0.54        72
           9       0.92      0.94      0.93       139
          10       0.69      0.60      0.64        75
          11       0.63      0.55      0.58        95
          12       0.86      0.62      0.72        87
          13       0.71      0.68      0.69        71
          14       0.55      0.61      0.58        59
          15       0.40      0.40      0.40        53
          16       0.51      0.70      0.59        57
          17       0.48      0.62      0.54        48
          18       0.72      0.75      0.73        51
          19       0.79      0.59      0.68       118
          20       0.62      0.50      0.55        82
          21       0.47      0.53      0.50        87
          22       0.87      0.82      0.84        88
          23       0.85      0.92      0.88        96
          24       0.51      0.80      0.62        51
          25       0.88      0.73      0.80       100
          26       0.75      0.72      0.74       132
          27       0.71      0.80      0.75        60
          28       0.54      0.58      0.56        55
          29       0.51      0.41      0.45        64
          30       0.79      0.80      0.80        82
          31       0.77      0.82      0.79        72
          32       0.71      0.59      0.65        79
          33       0.52      0.71      0.60        69
          34       0.56      0.61      0.59        72
          35       0.83      0.64      0.72        85
          36       0.54      0.62      0.58        64
          37       0.67      0.65      0.66        57
          38       0.59      0.56      0.57        97
          39       0.81      0.75      0.78       102
          40       0.72      0.72      0.72       102
          41       0.74      0.66      0.70        97
          42       0.61      0.60      0.61        96
          43       0.69      0.75      0.72        80
          44       0.86      0.73      0.79        82
          45       0.52      0.48      0.50        54
          46       0.48      0.60      0.53        57
          47       0.54      0.58      0.56        55
          48       0.74      0.67      0.70        58
          49       0.74      0.55      0.63       106
          50       0.63      0.64      0.63        83
          51       0.50      0.68      0.58        56
          52       0.74      0.74      0.74        69
          53       0.52      0.56      0.54        86
          54       0.60      0.83      0.69        52
          55       0.71      0.76      0.74        51
          56       0.59      0.78      0.67        50
          57       0.67      0.49      0.57        71
          58       0.71      0.75      0.73        67
          59       0.76      0.75      0.76        52
          60       0.74      0.89      0.81        54
          61       0.79      0.72      0.75        61
          62       0.73      0.78      0.75        55
          63       0.73      0.83      0.78        53
          64       0.64      0.83      0.72        52
          65       0.74      0.86      0.80        50
          66       0.83      0.75      0.79        59
          67       0.81      0.70      0.75        50
          68       0.67      0.54      0.60        59
          69       0.83      0.84      0.83        51
          70       0.58      0.70      0.64        50
          71       0.55      0.70      0.61        50
          72       0.66      0.76      0.71        54
          73       0.78      0.80      0.79        50
          74       0.69      0.82      0.75        50
          75       0.57      0.69      0.63        52
          76       0.67      0.53      0.59        53
          77       0.78      0.85      0.81        54
          78       0.73      0.83      0.78        69
          79       0.73      0.70      0.71        57
          80       0.68      0.53      0.60        53
          81       0.59      0.68      0.63        50
          82       0.39      0.56      0.46        50
          83       0.60      0.73      0.66        52
          84       0.61      0.52      0.56        52
          85       0.55      0.58      0.56        50
          86       0.77      0.80      0.78        84
          87       0.61      0.69      0.65        68
          88       0.87      0.76      0.81       118
          89       0.55      0.61      0.58        51
          90       0.71      0.74      0.72       102
          91       0.70      0.69      0.69        51
          92       0.73      0.79      0.76        56
          93       0.58      0.69      0.63        52
          94       0.70      0.71      0.71        59
          95       0.65      0.50      0.57        56
          96       0.84      0.94      0.89        70
          97       0.27      0.46      0.34        50
          98       0.66      0.55      0.60        78
          99       0.52      0.37      0.43        92
         100       0.62      0.68      0.65        50
         101       0.76      0.65      0.70       109
         102       0.89      0.74      0.81       100
         103       0.89      0.82      0.85       110
         104       0.70      0.59      0.64        95
         105       0.76      0.69      0.72       113
         106       0.87      0.83      0.85       118
         107       0.85      0.84      0.85       119
         108       0.88      0.86      0.87        96
         109       0.90      0.91      0.91        58
         110       0.59      0.85      0.70        53
         111       0.80      0.64      0.71        81
         112       0.56      0.60      0.58        55
         113       0.45      0.47      0.46        51
         114       0.35      0.35      0.35        55
         115       0.61      0.47      0.53        59
         116       0.80      0.78      0.79        55
         117       0.60      0.70      0.64        56
         118       0.68      0.86      0.76        50
         119       0.83      0.87      0.85        69

    accuracy                           0.69      8580
   macro avg       0.68      0.69      0.68      8580
weighted avg       0.70      0.69      0.69      8580
