              precision    recall  f1-score   support

           0       0.04      0.04      0.04        52
           1       0.02      0.02      0.02        85
           2       0.10      0.05      0.06       152
           3       0.02      0.04      0.03        49
           4       0.00      0.00      0.00       114
           5       0.03      0.01      0.02        88
           6       0.00      0.00      0.00        96
           7       0.05      0.08      0.06        72
           8       0.07      0.03      0.04        72
           9       0.06      0.04      0.05       139
          10       0.03      0.03      0.03        75
          11       0.08      0.05      0.06        95
          12       0.04      0.05      0.04        87
          13       0.07      0.03      0.04        71
          14       0.08      0.07      0.07        59
          15       0.04      0.06      0.05        53
          16       0.02      0.04      0.03        57
          17       0.03      0.06      0.04        48
          18       0.03      0.04      0.03        51
          19       0.03      0.01      0.01       118
          20       0.00      0.00      0.00        82
          21       0.00      0.00      0.00        87
          22       0.01      0.02      0.02        88
          23       0.09      0.04      0.06        96
          24       0.01      0.02      0.02        51
          25       0.04      0.01      0.02       100
          26       0.07      0.05      0.06       132
          27       0.00      0.00      0.00        60
          28       0.05      0.07      0.06        55
          29       0.06      0.03      0.04        64
          30       0.00      0.00      0.00        82
          31       0.01      0.01      0.01        72
          32       0.00      0.00      0.00        79
          33       0.04      0.04      0.04        69
          34       0.00      0.00      0.00        72
          35       0.00      0.00      0.00        85
          36       0.00      0.00      0.00        64
          37       0.00      0.00      0.00        57
          38       0.12      0.02      0.04        97
          39       0.05      0.03      0.04       102
          40       0.04      0.01      0.02       102
          41       0.00      0.00      0.00        97
          42       0.02      0.03      0.03        96
          43       0.02      0.04      0.03        80
          44       0.03      0.07      0.04        82
          45       0.03      0.02      0.02        54
          46       0.02      0.04      0.02        57
          47       0.06      0.05      0.06        55
          48       0.02      0.02      0.02        58
          49       0.03      0.01      0.01       106
          50       0.12      0.06      0.08        83
          51       0.02      0.02      0.02        56
          52       0.05      0.01      0.02        69
          53       0.00      0.00      0.00        86
          54       0.02      0.06      0.02        52
          55       0.04      0.20      0.06        51
          56       0.07      0.04      0.05        50
          57       0.04      0.01      0.02        71
          58       0.08      0.04      0.06        67
          59       0.00      0.00      0.00        52
          60       0.02      0.04      0.03        54
          61       0.00      0.00      0.00        61
          62       0.09      0.15      0.11        55
          63       0.03      0.13      0.05        53
          64       0.00      0.00      0.00        52
          65       0.07      0.06      0.06        50
          66       0.08      0.02      0.03        59
          67       0.03      0.04      0.03        50
          68       0.07      0.07      0.07        59
          69       0.05      0.06      0.05        51
          70       0.05      0.08      0.06        50
          71       0.08      0.10      0.09        50
          72       0.04      0.13      0.06        54
          73       0.09      0.10      0.09        50
          74       0.03      0.04      0.04        50
          75       0.00      0.00      0.00        52
          76       0.00      0.00      0.00        53
          77       0.02      0.06      0.03        54
          78       0.00      0.00      0.00        69
          79       0.08      0.07      0.08        57
          80       0.00      0.00      0.00        53
          81       0.03      0.06      0.04        50
          82       0.00      0.00      0.00        50
          83       0.02      0.06      0.03        52
          84       0.02      0.04      0.03        52
          85       0.00      0.00      0.00        50
          86       0.04      0.06      0.05        84
          87       0.14      0.01      0.03        68
          88       0.00      0.00      0.00       118
          89       0.05      0.27      0.08        51
          90       0.13      0.16      0.14       102
          91       0.00      0.00      0.00        51
          92       0.04      0.02      0.02        56
          93       0.00      0.00      0.00        52
          94       0.00      0.00      0.00        59
          95       0.03      0.02      0.02        56
          96       0.01      0.01      0.01        70
          97       0.02      0.04      0.02        50
          98       0.00      0.00      0.00        78
          99       0.01      0.01      0.01        92
         100       0.00      0.00      0.00        50
         101       0.10      0.01      0.02       109
         102       0.02      0.03      0.02       100
         103       0.14      0.20      0.16       110
         104       0.02      0.01      0.01        95
         105       0.11      0.08      0.09       113
         106       0.07      0.06      0.06       118
         107       0.05      0.03      0.03       119
         108       0.00      0.00      0.00        96
         109       0.00      0.00      0.00        58
         110       0.03      0.04      0.03        53
         111       0.02      0.02      0.02        81
         112       0.00      0.00      0.00        55
         113       0.00      0.00      0.00        51
         114       0.01      0.04      0.01        55
         115       0.02      0.02      0.02        59
         116       0.02      0.05      0.03        55
         117       0.10      0.16      0.12        56
         118       0.07      0.18      0.10        50
         119       0.06      0.07      0.06        69

    accuracy                           0.04      8580
   macro avg       0.04      0.04      0.03      8580
weighted avg       0.04      0.04      0.03      8580
