              precision    recall  f1-score   support

           0       0.46      0.56      0.50      1000
           1       0.43      0.46      0.44      1000
           2       0.33      0.23      0.27      1000
           3       0.34      0.20      0.25      1000
           4       0.42      0.26      0.32      1000
           5       0.38      0.35      0.36      1000
           6       0.41      0.53      0.46      1000
           7       0.40      0.45      0.42      1000
           8       0.50      0.65      0.56      1000
           9       0.40      0.46      0.43      1000

    accuracy                           0.41     10000
   macro avg       0.41      0.41      0.40     10000
weighted avg       0.41      0.41      0.40     10000
