              precision    recall  f1-score   support

           0       0.25      0.84      0.39      1000
           1       0.90      0.30      0.45      1000
           2       0.49      0.53      0.51      1000
           3       0.47      0.26      0.34      1000
           4       0.67      0.38      0.48      1000
           5       0.46      0.32      0.38      1000
           6       0.54      0.54      0.54      1000
           7       0.87      0.30      0.45      1000
           8       0.43      0.78      0.56      1000
           9       0.89      0.27      0.41      1000

    accuracy                           0.45     10000
   macro avg       0.60      0.45      0.45     10000
weighted avg       0.60      0.45      0.45     10000
