brightness: [94.4, 94.07, 93.55, 93.16, 91.56]
contrast: [94.31, 92.96, 90.97, 86.95, 58.14]
defocus_blur: [94.17, 92.8, 88.66, 79.79, 56.95]
elastic_transform: [90.23, 89.85, 86.04, 80.56, 76.59]
fog: [94.43, 93.78, 92.19, 89.83, 77.38]
frost: [91.0, 86.14, 77.42, 75.48, 65.04]
gaussian_blur: [94.19, 88.59, 78.96, 64.16, 36.35]
gaussian_noise: [76.24, 53.89, 35.32, 29.32, 24.94]
glass_blur: [51.74, 54.26, 60.1, 41.87, 47.25]
impulse_noise: [88.71, 81.0, 70.75, 48.26, 29.18]
jpeg_compression: [87.22, 82.31, 80.88, 78.13, 74.96]
motion_blur: [89.86, 82.39, 74.08, 74.44, 65.93]
pixelate: [92.57, 88.04, 82.57, 62.72, 44.02]
saturate: [92.73, 89.83, 94.13, 91.9, 88.19]
shot_noise: [85.01, 73.99, 49.57, 41.13, 30.23]
snow: [91.14, 80.98, 84.79, 82.94, 77.7]
spatter: [92.93, 90.34, 86.86, 90.2, 83.95]
speckle_noise: [84.98, 68.91, 61.01, 46.61, 36.26]
zoom_blur: [88.11, 85.29, 80.01, 73.48, 63.32]
