              precision    recall  f1-score   support

           0       0.62      0.62      0.62        52
           1       0.88      0.88      0.88        85
           2       0.77      0.72      0.75       152
           3       0.66      0.63      0.65        49
           4       0.64      0.52      0.57       114
           5       0.86      0.84      0.85        88
           6       0.91      0.85      0.88        96
           7       0.65      0.64      0.64        72
           8       0.52      0.50      0.51        72
           9       0.87      0.83      0.85       139
          10       0.65      0.60      0.62        75
          11       0.65      0.58      0.61        95
          12       0.76      0.67      0.71        87
          13       0.65      0.56      0.60        71
          14       0.61      0.78      0.69        59
          15       0.36      0.45      0.40        53
          16       0.47      0.56      0.51        57
          17       0.39      0.50      0.44        48
          18       0.64      0.63      0.63        51
          19       0.64      0.43      0.52       118
          20       0.55      0.52      0.54        82
          21       0.45      0.40      0.42        87
          22       0.71      0.76      0.74        88
          23       0.77      0.85      0.81        96
          24       0.63      0.78      0.70        51
          25       0.78      0.54      0.64       100
          26       0.78      0.70      0.74       132
          27       0.71      0.82      0.76        60
          28       0.45      0.53      0.49        55
          29       0.40      0.27      0.32        64
          30       0.82      0.87      0.84        82
          31       0.76      0.78      0.77        72
          32       0.75      0.68      0.72        79
          33       0.64      0.68      0.66        69
          34       0.56      0.58      0.57        72
          35       0.58      0.66      0.62        85
          36       0.47      0.53      0.50        64
          37       0.80      0.70      0.75        57
          38       0.59      0.41      0.48        97
          39       0.82      0.84      0.83       102
          40       0.69      0.66      0.67       102
          41       0.79      0.63      0.70        97
          42       0.66      0.66      0.66        96
          43       0.81      0.68      0.73        80
          44       0.73      0.74      0.74        82
          45       0.58      0.56      0.57        54
          46       0.46      0.56      0.51        57
          47       0.51      0.38      0.44        55
          48       0.64      0.71      0.67        58
          49       0.58      0.57      0.57       106
          50       0.60      0.60      0.60        83
          51       0.47      0.57      0.52        56
          52       0.68      0.70      0.69        69
          53       0.49      0.47      0.48        86
          54       0.57      0.73      0.64        52
          55       0.68      0.78      0.73        51
          56       0.68      0.82      0.75        50
          57       0.53      0.56      0.55        71
          58       0.66      0.60      0.62        67
          59       0.76      0.62      0.68        52
          60       0.62      0.83      0.71        54
          61       0.67      0.62      0.64        61
          62       0.71      0.76      0.74        55
          63       0.72      0.77      0.75        53
          64       0.71      0.65      0.68        52
          65       0.73      0.88      0.80        50
          66       0.73      0.75      0.74        59
          67       0.59      0.72      0.65        50
          68       0.79      0.53      0.63        59
          69       0.87      0.88      0.87        51
          70       0.71      0.74      0.73        50
          71       0.62      0.70      0.66        50
          72       0.66      0.80      0.72        54
          73       0.71      0.70      0.71        50
          74       0.70      0.66      0.68        50
          75       0.60      0.62      0.61        52
          76       0.51      0.57      0.54        53
          77       0.69      0.85      0.76        54
          78       0.69      0.70      0.69        69
          79       0.63      0.65      0.64        57
          80       0.53      0.38      0.44        53
          81       0.56      0.70      0.62        50
          82       0.46      0.56      0.50        50
          83       0.66      0.79      0.72        52
          84       0.56      0.65      0.60        52
          85       0.48      0.58      0.53        50
          86       0.70      0.67      0.68        84
          87       0.51      0.60      0.55        68
          88       0.89      0.70      0.79       118
          89       0.39      0.55      0.46        51
          90       0.70      0.61      0.65       102
          91       0.55      0.57      0.56        51
          92       0.73      0.77      0.75        56
          93       0.62      0.62      0.62        52
          94       0.68      0.76      0.72        59
          95       0.47      0.45      0.46        56
          96       0.90      0.93      0.92        70
          97       0.26      0.42      0.32        50
          98       0.58      0.45      0.51        78
          99       0.56      0.36      0.44        92
         100       0.51      0.58      0.54        50
         101       0.72      0.61      0.66       109
         102       0.83      0.68      0.75       100
         103       0.86      0.86      0.86       110
         104       0.56      0.61      0.59        95
         105       0.55      0.73      0.63       113
         106       0.73      0.82      0.77       118
         107       0.88      0.76      0.82       119
         108       0.89      0.89      0.89        96
         109       0.84      0.88      0.86        58
         110       0.81      0.81      0.81        53
         111       0.73      0.69      0.71        81
         112       0.51      0.56      0.53        55
         113       0.38      0.39      0.39        51
         114       0.32      0.33      0.32        55
         115       0.53      0.34      0.41        59
         116       0.73      0.82      0.77        55
         117       0.56      0.64      0.60        56
         118       0.72      0.88      0.79        50
         119       0.73      0.83      0.78        69

    accuracy                           0.66      8580
   macro avg       0.65      0.65      0.65      8580
weighted avg       0.67      0.66      0.66      8580
