              precision    recall  f1-score   support

           0       0.91      0.93      0.92      1000
           1       0.93      0.98      0.96      1000
           2       0.87      0.88      0.87      1000
           3       0.83      0.79      0.81      1000
           4       0.92      0.91      0.91      1000
           5       0.84      0.87      0.85      1000
           6       0.93      0.94      0.94      1000
           7       0.95      0.94      0.94      1000
           8       0.95      0.95      0.95      1000
           9       0.96      0.93      0.94      1000

    accuracy                           0.91     10000
   macro avg       0.91      0.91      0.91     10000
weighted avg       0.91      0.91      0.91     10000
