              precision    recall  f1-score   support

           0       0.26      0.78      0.38      1000
           1       0.65      0.26      0.37      1000
           2       0.39      0.55      0.46      1000
           3       0.42      0.25      0.31      1000
           4       0.46      0.47      0.46      1000
           5       0.61      0.19      0.29      1000
           6       0.44      0.60      0.51      1000
           7       0.78      0.29      0.43      1000
           8       0.52      0.60      0.56      1000
           9       0.84      0.28      0.41      1000

    accuracy                           0.43     10000
   macro avg       0.54      0.43      0.42     10000
weighted avg       0.54      0.43      0.42     10000
