              precision    recall  f1-score   support

           0       0.27      0.80      0.40      1000
           1       0.64      0.27      0.38      1000
           2       0.40      0.56      0.47      1000
           3       0.38      0.25      0.30      1000
           4       0.47      0.48      0.47      1000
           5       0.61      0.18      0.28      1000
           6       0.44      0.60      0.51      1000
           7       0.74      0.27      0.40      1000
           8       0.50      0.60      0.55      1000
           9       0.82      0.28      0.41      1000

    accuracy                           0.43     10000
   macro avg       0.53      0.43      0.42     10000
weighted avg       0.53      0.43      0.42     10000
