              precision    recall  f1-score   support

           0       0.10      0.08      0.09        52
           1       0.23      0.04      0.06        85
           2       0.13      0.14      0.14       152
           3       0.04      0.08      0.05        49
           4       0.11      0.03      0.04       114
           5       0.15      0.52      0.23        88
           6       0.60      0.06      0.11        96
           7       0.04      0.03      0.03        72
           8       0.12      0.04      0.06        72
           9       0.66      0.14      0.23       139
          10       0.30      0.08      0.13        75
          11       0.22      0.04      0.07        95
          12       0.52      0.15      0.23        87
          13       0.29      0.03      0.05        71
          14       0.00      0.00      0.00        59
          15       0.50      0.04      0.07        53
          16       0.28      0.32      0.30        57
          17       0.05      0.06      0.05        48
          18       0.08      0.25      0.12        51
          19       0.07      0.03      0.04       118
          20       0.20      0.10      0.13        82
          21       0.11      0.07      0.09        87
          22       0.16      0.35      0.22        88
          23       0.67      0.06      0.11        96
          24       0.14      0.35      0.20        51
          25       0.29      0.10      0.15       100
          26       0.20      0.06      0.09       132
          27       0.22      0.28      0.24        60
          28       0.00      0.00      0.00        55
          29       0.00      0.00      0.00        64
          30       0.15      0.16      0.16        82
          31       1.00      0.01      0.03        72
          32       0.00      0.00      0.00        79
          33       0.14      0.14      0.14        69
          34       0.17      0.15      0.16        72
          35       0.13      0.12      0.12        85
          36       0.25      0.03      0.06        64
          37       0.23      0.12      0.16        57
          38       0.07      0.07      0.07        97
          39       0.10      0.35      0.15       102
          40       0.23      0.07      0.11       102
          41       0.17      0.08      0.11        97
          42       0.60      0.03      0.06        96
          43       0.00      0.00      0.00        80
          44       0.00      0.00      0.00        82
          45       0.00      0.00      0.00        54
          46       0.09      0.02      0.03        57
          47       0.05      0.02      0.03        55
          48       0.00      0.00      0.00        58
          49       0.00      0.00      0.00       106
          50       0.22      0.02      0.04        83
          51       0.02      0.11      0.04        56
          52       0.34      0.23      0.28        69
          53       0.06      0.03      0.04        86
          54       0.00      0.00      0.00        52
          55       0.00      0.00      0.00        51
          56       0.16      0.10      0.12        50
          57       0.06      0.04      0.05        71
          58       0.11      0.12      0.12        67
          59       0.14      0.06      0.08        52
          60       0.47      0.33      0.39        54
          61       0.06      0.02      0.03        61
          62       0.15      0.11      0.13        55
          63       0.00      0.00      0.00        53
          64       0.09      0.25      0.14        52
          65       0.06      0.32      0.11        50
          66       0.33      0.03      0.06        59
          67       0.22      0.04      0.07        50
          68       0.06      0.03      0.04        59
          69       0.48      0.22      0.30        51
          70       0.06      0.08      0.07        50
          71       0.02      0.14      0.04        50
          72       0.17      0.07      0.10        54
          73       0.25      0.06      0.10        50
          74       0.00      0.00      0.00        50
          75       0.07      0.08      0.07        52
          76       0.00      0.00      0.00        53
          77       0.27      0.72      0.39        54
          78       0.12      0.09      0.10        69
          79       0.30      0.05      0.09        57
          80       0.33      0.02      0.04        53
          81       0.00      0.00      0.00        50
          82       0.03      0.02      0.03        50
          83       0.08      0.08      0.08        52
          84       0.00      0.00      0.00        52
          85       0.00      0.00      0.00        50
          86       0.38      0.04      0.07        84
          87       0.05      0.19      0.08        68
          88       0.25      0.04      0.07       118
          89       0.00      0.00      0.00        51
          90       0.86      0.06      0.11       102
          91       0.20      0.06      0.09        51
          92       0.30      0.05      0.09        56
          93       0.00      0.00      0.00        52
          94       0.17      0.08      0.11        59
          95       0.00      0.00      0.00        56
          96       0.13      0.03      0.05        70
          97       0.05      0.08      0.07        50
          98       0.10      0.10      0.10        78
          99       0.07      0.09      0.08        92
         100       0.00      0.00      0.00        50
         101       0.33      0.16      0.21       109
         102       0.14      0.02      0.04       100
         103       0.38      0.17      0.24       110
         104       0.05      0.18      0.07        95
         105       0.04      0.29      0.07       113
         106       0.06      0.37      0.10       118
         107       0.07      0.35      0.11       119
         108       0.27      0.24      0.25        96
         109       0.25      0.02      0.03        58
         110       0.05      0.06      0.05        53
         111       0.29      0.06      0.10        81
         112       0.02      0.02      0.02        55
         113       0.03      0.06      0.04        51
         114       0.02      0.04      0.03        55
         115       0.00      0.00      0.00        59
         116       0.13      0.09      0.11        55
         117       0.17      0.02      0.03        56
         118       0.27      0.20      0.23        50
         119       0.03      0.01      0.02        69

    accuracy                           0.10      8580
   macro avg       0.16      0.10      0.09      8580
weighted avg       0.18      0.10      0.09      8580
