              precision    recall  f1-score   support

           0       0.11      0.10      0.10        52
           1       0.43      0.56      0.49        85
           2       0.40      0.41      0.41       152
           3       0.20      0.35      0.25        49
           4       0.33      0.25      0.29       114
           5       0.52      0.56      0.54        88
           6       0.58      0.51      0.54        96
           7       0.43      0.35      0.38        72
           8       0.17      0.15      0.16        72
           9       0.63      0.30      0.41       139
          10       0.25      0.23      0.24        75
          11       0.26      0.25      0.26        95
          12       0.32      0.24      0.28        87
          13       0.34      0.25      0.29        71
          14       0.39      0.37      0.38        59
          15       0.13      0.21      0.16        53
          16       0.34      0.53      0.42        57
          17       0.18      0.21      0.19        48
          18       0.10      0.10      0.10        51
          19       0.26      0.10      0.15       118
          20       0.17      0.10      0.12        82
          21       0.12      0.10      0.11        87
          22       0.31      0.19      0.24        88
          23       0.44      0.43      0.43        96
          24       0.26      0.35      0.30        51
          25       0.23      0.13      0.17       100
          26       0.50      0.27      0.35       132
          27       0.30      0.35      0.33        60
          28       0.18      0.27      0.22        55
          29       0.10      0.09      0.10        64
          30       0.43      0.29      0.35        82
          31       0.28      0.40      0.33        72
          32       0.34      0.25      0.29        79
          33       0.31      0.26      0.28        69
          34       0.24      0.42      0.31        72
          35       0.30      0.28      0.29        85
          36       0.25      0.33      0.28        64
          37       0.38      0.42      0.40        57
          38       0.31      0.16      0.22        97
          39       0.38      0.33      0.36       102
          40       0.50      0.23      0.31       102
          41       0.27      0.28      0.27        97
          42       0.33      0.28      0.30        96
          43       0.27      0.40      0.32        80
          44       0.37      0.41      0.39        82
          45       0.21      0.24      0.22        54
          46       0.11      0.16      0.13        57
          47       0.14      0.16      0.15        55
          48       0.23      0.24      0.24        58
          49       0.39      0.48      0.43       106
          50       0.46      0.40      0.43        83
          51       0.23      0.23      0.23        56
          52       0.20      0.28      0.23        69
          53       0.25      0.21      0.23        86
          54       0.05      0.04      0.04        52
          55       0.29      0.41      0.34        51
          56       0.18      0.34      0.24        50
          57       0.18      0.23      0.20        71
          58       0.18      0.22      0.20        67
          59       0.18      0.23      0.20        52
          60       0.31      0.33      0.32        54
          61       0.10      0.08      0.09        61
          62       0.31      0.35      0.32        55
          63       0.24      0.23      0.23        53
          64       0.23      0.27      0.25        52
          65       0.29      0.46      0.36        50
          66       0.48      0.39      0.43        59
          67       0.39      0.34      0.36        50
          68       0.17      0.20      0.19        59
          69       0.38      0.59      0.46        51
          70       0.28      0.30      0.29        50
          71       0.17      0.28      0.21        50
          72       0.31      0.37      0.34        54
          73       0.23      0.14      0.17        50
          74       0.30      0.26      0.28        50
          75       0.15      0.13      0.14        52
          76       0.11      0.11      0.11        53
          77       0.49      0.65      0.56        54
          78       0.41      0.33      0.37        69
          79       0.31      0.26      0.28        57
          80       0.16      0.21      0.18        53
          81       0.18      0.42      0.25        50
          82       0.17      0.26      0.20        50
          83       0.20      0.35      0.25        52
          84       0.16      0.13      0.15        52
          85       0.10      0.08      0.09        50
          86       0.41      0.31      0.35        84
          87       0.42      0.37      0.39        68
          88       0.57      0.35      0.43       118
          89       0.19      0.37      0.25        51
          90       0.53      0.47      0.50       102
          91       0.14      0.20      0.16        51
          92       0.24      0.36      0.29        56
          93       0.18      0.21      0.19        52
          94       0.22      0.14      0.17        59
          95       0.19      0.16      0.17        56
          96       0.58      0.61      0.60        70
          97       0.07      0.14      0.09        50
          98       0.26      0.26      0.26        78
          99       0.21      0.15      0.17        92
         100       0.16      0.32      0.21        50
         101       0.46      0.16      0.23       109
         102       0.24      0.21      0.22       100
         103       0.64      0.50      0.56       110
         104       0.17      0.11      0.13        95
         105       0.20      0.14      0.16       113
         106       0.51      0.36      0.43       118
         107       0.43      0.40      0.42       119
         108       0.34      0.39      0.36        96
         109       0.31      0.50      0.38        58
         110       0.25      0.40      0.31        53
         111       0.33      0.27      0.30        81
         112       0.25      0.16      0.20        55
         113       0.15      0.18      0.16        51
         114       0.24      0.24      0.24        55
         115       0.09      0.07      0.08        59
         116       0.35      0.33      0.34        55
         117       0.26      0.21      0.23        56
         118       0.31      0.38      0.34        50
         119       0.59      0.59      0.59        69

    accuracy                           0.29      8580
   macro avg       0.29      0.29      0.28      8580
weighted avg       0.31      0.29      0.29      8580
