              precision    recall  f1-score   support

           0       0.76      0.76      0.76      1000
           1       0.88      0.87      0.87      1000
           2       0.68      0.62      0.65      1000
           3       0.53      0.61      0.56      1000
           4       0.71      0.66      0.68      1000
           5       0.65      0.66      0.65      1000
           6       0.77      0.80      0.79      1000
           7       0.78      0.77      0.77      1000
           8       0.85      0.85      0.85      1000
           9       0.85      0.83      0.84      1000

    accuracy                           0.74     10000
   macro avg       0.74      0.74      0.74     10000
weighted avg       0.74      0.74      0.74     10000
