              precision    recall  f1-score   support

           0       0.62      0.48      0.54        52
           1       0.83      0.84      0.83        85
           2       0.85      0.70      0.77       152
           3       0.72      0.78      0.75        49
           4       0.70      0.64      0.67       114
           5       0.86      0.86      0.86        88
           6       0.91      0.90      0.90        96
           7       0.65      0.71      0.68        72
           8       0.48      0.42      0.44        72
           9       0.93      0.87      0.90       139
          10       0.71      0.63      0.67        75
          11       0.71      0.60      0.65        95
          12       0.86      0.78      0.82        87
          13       0.73      0.63      0.68        71
          14       0.59      0.61      0.60        59
          15       0.41      0.53      0.46        53
          16       0.55      0.67      0.60        57
          17       0.48      0.56      0.52        48
          18       0.67      0.67      0.67        51
          19       0.79      0.55      0.65       118
          20       0.63      0.57      0.60        82
          21       0.54      0.61      0.57        87
          22       0.80      0.76      0.78        88
          23       0.88      0.89      0.88        96
          24       0.46      0.80      0.59        51
          25       0.82      0.72      0.77       100
          26       0.68      0.72      0.70       132
          27       0.75      0.72      0.74        60
          28       0.55      0.56      0.56        55
          29       0.66      0.45      0.54        64
          30       0.82      0.85      0.84        82
          31       0.78      0.89      0.83        72
          32       0.70      0.61      0.65        79
          33       0.64      0.71      0.67        69
          34       0.53      0.62      0.57        72
          35       0.75      0.62      0.68        85
          36       0.48      0.67      0.56        64
          37       0.67      0.68      0.68        57
          38       0.72      0.51      0.59        97
          39       0.77      0.75      0.76       102
          40       0.75      0.75      0.75       102
          41       0.73      0.67      0.70        97
          42       0.73      0.61      0.67        96
          43       0.64      0.72      0.68        80
          44       0.84      0.74      0.79        82
          45       0.60      0.44      0.51        54
          46       0.54      0.61      0.57        57
          47       0.50      0.60      0.55        55
          48       0.74      0.72      0.73        58
          49       0.67      0.58      0.63       106
          50       0.69      0.58      0.63        83
          51       0.56      0.57      0.57        56
          52       0.65      0.81      0.72        69
          53       0.56      0.56      0.56        86
          54       0.55      0.69      0.62        52
          55       0.69      0.84      0.76        51
          56       0.56      0.82      0.67        50
          57       0.65      0.52      0.58        71
          58       0.67      0.75      0.70        67
          59       0.82      0.79      0.80        52
          60       0.69      0.76      0.73        54
          61       0.72      0.70      0.71        61
          62       0.72      0.84      0.77        55
          63       0.74      0.79      0.76        53
          64       0.60      0.75      0.67        52
          65       0.78      0.80      0.79        50
          66       0.88      0.73      0.80        59
          67       0.80      0.72      0.76        50
          68       0.71      0.59      0.65        59
          69       0.90      0.86      0.88        51
          70       0.72      0.66      0.69        50
          71       0.50      0.68      0.58        50
          72       0.71      0.76      0.73        54
          73       0.78      0.80      0.79        50
          74       0.70      0.86      0.77        50
          75       0.56      0.71      0.63        52
          76       0.64      0.66      0.65        53
          77       0.77      0.91      0.83        54
          78       0.78      0.83      0.80        69
          79       0.82      0.63      0.71        57
          80       0.56      0.55      0.55        53
          81       0.50      0.64      0.56        50
          82       0.46      0.66      0.54        50
          83       0.72      0.79      0.75        52
          84       0.76      0.56      0.64        52
          85       0.61      0.62      0.61        50
          86       0.67      0.76      0.72        84
          87       0.67      0.76      0.71        68
          88       0.88      0.77      0.82       118
          89       0.51      0.67      0.58        51
          90       0.79      0.69      0.73       102
          91       0.62      0.75      0.68        51
          92       0.81      0.86      0.83        56
          93       0.58      0.69      0.63        52
          94       0.67      0.71      0.69        59
          95       0.63      0.61      0.62        56
          96       0.93      0.96      0.94        70
          97       0.24      0.36      0.29        50
          98       0.65      0.59      0.62        78
          99       0.55      0.42      0.48        92
         100       0.69      0.72      0.71        50
         101       0.82      0.62      0.71       109
         102       0.88      0.75      0.81       100
         103       0.85      0.85      0.85       110
         104       0.72      0.62      0.67        95
         105       0.72      0.67      0.70       113
         106       0.84      0.78      0.81       118
         107       0.89      0.81      0.85       119
         108       0.82      0.83      0.82        96
         109       0.85      0.95      0.89        58
         110       0.69      0.85      0.76        53
         111       0.78      0.65      0.71        81
         112       0.44      0.58      0.50        55
         113       0.45      0.45      0.45        51
         114       0.35      0.29      0.32        55
         115       0.52      0.51      0.51        59
         116       0.74      0.76      0.75        55
         117       0.63      0.75      0.68        56
         118       0.74      0.84      0.79        50
         119       0.85      0.84      0.85        69

    accuracy                           0.70      8580
   macro avg       0.69      0.69      0.69      8580
weighted avg       0.71      0.70      0.70      8580
