              precision    recall  f1-score   support

           0       0.90      0.91      0.90      1000
           1       0.94      0.95      0.94      1000
           2       0.86      0.85      0.86      1000
           3       0.81      0.77      0.79      1000
           4       0.86      0.89      0.88      1000
           5       0.84      0.85      0.84      1000
           6       0.93      0.92      0.92      1000
           7       0.93      0.90      0.91      1000
           8       0.92      0.95      0.93      1000
           9       0.93      0.93      0.93      1000

    accuracy                           0.89     10000
   macro avg       0.89      0.89      0.89     10000
weighted avg       0.89      0.89      0.89     10000
