              precision    recall  f1-score   support

           0       0.09      0.33      0.14      1000
           1       0.19      0.06      0.09      1000
           2       0.12      0.18      0.14      1000
           3       0.02      0.02      0.02      1000
           4       0.08      0.05      0.06      1000
           5       0.05      0.03      0.03      1000
           6       0.08      0.06      0.07      1000
           7       0.22      0.06      0.09      1000
           8       0.11      0.13      0.12      1000
           9       0.18      0.04      0.07      1000

    accuracy                           0.10     10000
   macro avg       0.11      0.10      0.08     10000
weighted avg       0.11      0.10      0.08     10000
