              precision    recall  f1-score   support

           0       0.03      0.04      0.03        52
           1       0.51      0.51      0.51        85
           2       0.49      0.32      0.39       152
           3       0.26      0.24      0.25        49
           4       0.30      0.23      0.26       114
           5       0.49      0.50      0.49        88
           6       0.56      0.45      0.50        96
           7       0.26      0.28      0.27        72
           8       0.09      0.11      0.10        72
           9       0.47      0.27      0.34       139
          10       0.20      0.20      0.20        75
          11       0.35      0.25      0.29        95
          12       0.27      0.25      0.26        87
          13       0.39      0.31      0.34        71
          14       0.26      0.37      0.30        59
          15       0.19      0.25      0.21        53
          16       0.38      0.44      0.41        57
          17       0.18      0.27      0.21        48
          18       0.16      0.25      0.20        51
          19       0.23      0.12      0.16       118
          20       0.20      0.22      0.21        82
          21       0.18      0.18      0.18        87
          22       0.31      0.39      0.34        88
          23       0.50      0.48      0.49        96
          24       0.32      0.41      0.36        51
          25       0.16      0.15      0.16       100
          26       0.48      0.39      0.43       132
          27       0.28      0.40      0.33        60
          28       0.17      0.15      0.16        55
          29       0.07      0.05      0.06        64
          30       0.33      0.39      0.36        82
          31       0.42      0.38      0.39        72
          32       0.41      0.39      0.40        79
          33       0.16      0.13      0.15        69
          34       0.24      0.22      0.23        72
          35       0.27      0.31      0.29        85
          36       0.15      0.16      0.16        64
          37       0.38      0.32      0.34        57
          38       0.23      0.15      0.19        97
          39       0.58      0.56      0.57       102
          40       0.40      0.30      0.34       102
          41       0.29      0.25      0.27        97
          42       0.42      0.25      0.31        96
          43       0.41      0.47      0.44        80
          44       0.35      0.37      0.36        82
          45       0.09      0.11      0.10        54
          46       0.13      0.23      0.17        57
          47       0.16      0.16      0.16        55
          48       0.31      0.38      0.34        58
          49       0.33      0.27      0.30       106
          50       0.43      0.35      0.38        83
          51       0.14      0.21      0.17        56
          52       0.34      0.42      0.37        69
          53       0.17      0.15      0.16        86
          54       0.21      0.27      0.23        52
          55       0.27      0.41      0.33        51
          56       0.20      0.32      0.24        50
          57       0.28      0.25      0.26        71
          58       0.11      0.15      0.13        67
          59       0.19      0.25      0.22        52
          60       0.28      0.35      0.31        54
          61       0.12      0.10      0.11        61
          62       0.31      0.40      0.35        55
          63       0.34      0.45      0.39        53
          64       0.32      0.29      0.30        52
          65       0.37      0.50      0.43        50
          66       0.48      0.47      0.48        59
          67       0.46      0.46      0.46        50
          68       0.23      0.17      0.19        59
          69       0.34      0.41      0.37        51
          70       0.36      0.40      0.38        50
          71       0.20      0.32      0.25        50
          72       0.25      0.31      0.28        54
          73       0.30      0.32      0.31        50
          74       0.22      0.28      0.25        50
          75       0.23      0.27      0.25        52
          76       0.15      0.17      0.16        53
          77       0.51      0.56      0.53        54
          78       0.33      0.45      0.38        69
          79       0.34      0.37      0.36        57
          80       0.21      0.17      0.19        53
          81       0.25      0.26      0.25        50
          82       0.27      0.36      0.31        50
          83       0.37      0.33      0.35        52
          84       0.19      0.23      0.21        52
          85       0.17      0.26      0.20        50
          86       0.36      0.31      0.33        84
          87       0.24      0.31      0.27        68
          88       0.67      0.39      0.49       118
          89       0.19      0.18      0.18        51
          90       0.56      0.45      0.50       102
          91       0.16      0.20      0.18        51
          92       0.28      0.32      0.30        56
          93       0.20      0.23      0.21        52
          94       0.08      0.07      0.07        59
          95       0.10      0.12      0.11        56
          96       0.48      0.54      0.51        70
          97       0.09      0.18      0.12        50
          98       0.16      0.15      0.16        78
          99       0.19      0.13      0.15        92
         100       0.14      0.20      0.17        50
         101       0.34      0.28      0.30       109
         102       0.35      0.28      0.31       100
         103       0.69      0.50      0.58       110
         104       0.19      0.09      0.13        95
         105       0.24      0.22      0.23       113
         106       0.35      0.35      0.35       118
         107       0.46      0.36      0.41       119
         108       0.41      0.38      0.39        96
         109       0.41      0.45      0.43        58
         110       0.35      0.34      0.34        53
         111       0.44      0.35      0.39        81
         112       0.21      0.25      0.23        55
         113       0.23      0.14      0.17        51
         114       0.21      0.15      0.17        55
         115       0.09      0.03      0.05        59
         116       0.38      0.38      0.38        55
         117       0.18      0.30      0.23        56
         118       0.35      0.50      0.41        50
         119       0.48      0.52      0.50        69

    accuracy                           0.30      8580
   macro avg       0.29      0.29      0.29      8580
weighted avg       0.31      0.30      0.30      8580
