              precision    recall  f1-score   support

           0       0.54      0.62      0.58        52
           1       0.78      0.85      0.81        85
           2       0.86      0.72      0.79       152
           3       0.78      0.78      0.78        49
           4       0.72      0.60      0.65       114
           5       0.89      0.86      0.88        88
           6       0.91      0.85      0.88        96
           7       0.77      0.69      0.73        72
           8       0.52      0.50      0.51        72
           9       0.96      0.94      0.95       139
          10       0.76      0.59      0.66        75
          11       0.72      0.57      0.64        95
          12       0.86      0.69      0.76        87
          13       0.75      0.72      0.73        71
          14       0.64      0.64      0.64        59
          15       0.48      0.58      0.53        53
          16       0.56      0.70      0.62        57
          17       0.48      0.65      0.55        48
          18       0.77      0.73      0.75        51
          19       0.70      0.64      0.67       118
          20       0.67      0.51      0.58        82
          21       0.65      0.63      0.64        87
          22       0.84      0.82      0.83        88
          23       0.86      0.93      0.89        96
          24       0.56      0.76      0.64        51
          25       0.91      0.71      0.80       100
          26       0.75      0.67      0.71       132
          27       0.80      0.87      0.83        60
          28       0.50      0.49      0.50        55
          29       0.51      0.45      0.48        64
          30       0.80      0.87      0.83        82
          31       0.70      0.86      0.78        72
          32       0.73      0.68      0.71        79
          33       0.59      0.74      0.66        69
          34       0.56      0.62      0.59        72
          35       0.76      0.59      0.66        85
          36       0.54      0.56      0.55        64
          37       0.74      0.75      0.75        57
          38       0.75      0.49      0.60        97
          39       0.78      0.80      0.79       102
          40       0.77      0.73      0.75       102
          41       0.72      0.66      0.69        97
          42       0.62      0.66      0.64        96
          43       0.72      0.76      0.74        80
          44       0.87      0.80      0.84        82
          45       0.63      0.57      0.60        54
          46       0.55      0.54      0.55        57
          47       0.57      0.56      0.57        55
          48       0.70      0.76      0.73        58
          49       0.72      0.61      0.66       106
          50       0.62      0.67      0.65        83
          51       0.65      0.55      0.60        56
          52       0.64      0.78      0.70        69
          53       0.48      0.53      0.51        86
          54       0.62      0.83      0.71        52
          55       0.71      0.78      0.75        51
          56       0.78      0.78      0.78        50
          57       0.59      0.55      0.57        71
          58       0.76      0.78      0.77        67
          59       0.77      0.79      0.78        52
          60       0.66      0.72      0.69        54
          61       0.82      0.77      0.80        61
          62       0.79      0.84      0.81        55
          63       0.91      0.74      0.81        53
          64       0.69      0.77      0.73        52
          65       0.78      0.86      0.82        50
          66       0.83      0.81      0.82        59
          67       0.73      0.80      0.76        50
          68       0.70      0.53      0.60        59
          69       0.94      0.90      0.92        51
          70       0.47      0.74      0.58        50
          71       0.49      0.72      0.58        50
          72       0.78      0.78      0.78        54
          73       0.72      0.88      0.79        50
          74       0.59      0.86      0.70        50
          75       0.63      0.75      0.68        52
          76       0.57      0.62      0.59        53
          77       0.86      0.91      0.88        54
          78       0.67      0.75      0.71        69
          79       0.80      0.63      0.71        57
          80       0.58      0.60      0.59        53
          81       0.56      0.70      0.62        50
          82       0.44      0.64      0.52        50
          83       0.64      0.87      0.74        52
          84       0.70      0.63      0.67        52
          85       0.73      0.66      0.69        50
          86       0.79      0.76      0.78        84
          87       0.70      0.71      0.70        68
          88       0.95      0.75      0.84       118
          89       0.49      0.63      0.55        51
          90       0.70      0.77      0.73       102
          91       0.60      0.57      0.59        51
          92       0.76      0.86      0.81        56
          93       0.68      0.83      0.75        52
          94       0.71      0.76      0.74        59
          95       0.53      0.55      0.54        56
          96       0.89      0.94      0.92        70
          97       0.33      0.56      0.41        50
          98       0.73      0.60      0.66        78
          99       0.64      0.48      0.55        92
         100       0.60      0.78      0.68        50
         101       0.76      0.63      0.69       109
         102       0.87      0.80      0.83       100
         103       0.94      0.83      0.88       110
         104       0.83      0.71      0.76        95
         105       0.76      0.62      0.68       113
         106       0.87      0.85      0.86       118
         107       0.89      0.81      0.85       119
         108       0.85      0.91      0.88        96
         109       0.88      0.97      0.92        58
         110       0.75      0.81      0.78        53
         111       0.76      0.68      0.72        81
         112       0.57      0.64      0.60        55
         113       0.47      0.51      0.49        51
         114       0.43      0.36      0.39        55
         115       0.56      0.34      0.42        59
         116       0.72      0.78      0.75        55
         117       0.59      0.73      0.65        56
         118       0.82      0.90      0.86        50
         119       0.85      0.87      0.86        69

    accuracy                           0.71      8580
   macro avg       0.70      0.71      0.70      8580
weighted avg       0.72      0.71      0.71      8580
