              precision    recall  f1-score   support

           0       0.43      0.39      0.41      1000
           1       0.21      0.71      0.33      1000
           2       0.73      0.11      0.19      1000
           3       0.28      0.10      0.14      1000
           4       0.59      0.06      0.10      1000
           5       0.38      0.03      0.05      1000
           6       0.57      0.02      0.03      1000
           7       0.29      0.24      0.26      1000
           8       0.85      0.04      0.07      1000
           9       0.14      0.60      0.23      1000

    accuracy                           0.23     10000
   macro avg       0.45      0.23      0.18     10000
weighted avg       0.45      0.23      0.18     10000
