              precision    recall  f1-score   support

           0       0.90      0.93      0.92      1000
           1       0.96      0.96      0.96      1000
           2       0.90      0.88      0.89      1000
           3       0.83      0.82      0.83      1000
           4       0.91      0.93      0.92      1000
           5       0.88      0.86      0.87      1000
           6       0.94      0.94      0.94      1000
           7       0.94      0.93      0.94      1000
           8       0.95      0.96      0.95      1000
           9       0.94      0.95      0.95      1000

    accuracy                           0.92     10000
   macro avg       0.92      0.92      0.92     10000
weighted avg       0.92      0.92      0.92     10000
