              precision    recall  f1-score   support

           0       0.82      0.85      0.84      1000
           1       0.91      0.90      0.90      1000
           2       0.78      0.77      0.77      1000
           3       0.73      0.67      0.69      1000
           4       0.83      0.84      0.83      1000
           5       0.74      0.78      0.76      1000
           6       0.86      0.91      0.88      1000
           7       0.87      0.83      0.85      1000
           8       0.87      0.89      0.88      1000
           9       0.88      0.86      0.87      1000

    accuracy                           0.83     10000
   macro avg       0.83      0.83      0.83     10000
weighted avg       0.83      0.83      0.83     10000
