              precision    recall  f1-score   support

           0       0.52      0.46      0.49        52
           1       0.82      0.84      0.83        85
           2       0.83      0.68      0.75       152
           3       0.76      0.80      0.78        49
           4       0.68      0.62      0.65       114
           5       0.84      0.86      0.85        88
           6       0.89      0.85      0.87        96
           7       0.65      0.60      0.62        72
           8       0.53      0.43      0.47        72
           9       0.93      0.85      0.89       139
          10       0.73      0.59      0.65        75
          11       0.74      0.54      0.62        95
          12       0.86      0.69      0.76        87
          13       0.69      0.68      0.68        71
          14       0.60      0.68      0.63        59
          15       0.45      0.58      0.51        53
          16       0.57      0.70      0.63        57
          17       0.46      0.67      0.55        48
          18       0.78      0.75      0.76        51
          19       0.78      0.58      0.67       118
          20       0.65      0.57      0.61        82
          21       0.62      0.61      0.62        87
          22       0.81      0.76      0.78        88
          23       0.88      0.94      0.91        96
          24       0.48      0.84      0.61        51
          25       0.89      0.71      0.79       100
          26       0.72      0.64      0.67       132
          27       0.71      0.75      0.73        60
          28       0.41      0.38      0.40        55
          29       0.51      0.41      0.45        64
          30       0.80      0.82      0.81        82
          31       0.77      0.78      0.77        72
          32       0.68      0.63      0.66        79
          33       0.64      0.67      0.65        69
          34       0.50      0.61      0.55        72
          35       0.74      0.65      0.69        85
          36       0.46      0.52      0.49        64
          37       0.66      0.70      0.68        57
          38       0.61      0.54      0.57        97
          39       0.80      0.70      0.74       102
          40       0.78      0.67      0.72       102
          41       0.71      0.66      0.68        97
          42       0.62      0.59      0.61        96
          43       0.71      0.72      0.72        80
          44       0.84      0.76      0.79        82
          45       0.46      0.35      0.40        54
          46       0.47      0.58      0.52        57
          47       0.48      0.53      0.50        55
          48       0.74      0.72      0.73        58
          49       0.66      0.58      0.61       106
          50       0.53      0.57      0.55        83
          51       0.50      0.54      0.52        56
          52       0.67      0.75      0.71        69
          53       0.52      0.51      0.52        86
          54       0.62      0.81      0.70        52
          55       0.61      0.71      0.65        51
          56       0.56      0.80      0.66        50
          57       0.69      0.51      0.59        71
          58       0.61      0.73      0.67        67
          59       0.77      0.79      0.78        52
          60       0.74      0.78      0.76        54
          61       0.76      0.72      0.74        61
          62       0.77      0.78      0.77        55
          63       0.72      0.81      0.76        53
          64       0.72      0.73      0.72        52
          65       0.75      0.86      0.80        50
          66       0.90      0.80      0.85        59
          67       0.66      0.82      0.73        50
          68       0.65      0.56      0.60        59
          69       0.88      0.84      0.86        51
          70       0.66      0.70      0.68        50
          71       0.49      0.74      0.59        50
          72       0.69      0.74      0.71        54
          73       0.70      0.78      0.74        50
          74       0.72      0.76      0.74        50
          75       0.47      0.65      0.55        52
          76       0.62      0.58      0.60        53
          77       0.71      0.87      0.78        54
          78       0.78      0.87      0.82        69
          79       0.67      0.60      0.63        57
          80       0.55      0.49      0.52        53
          81       0.54      0.58      0.56        50
          82       0.37      0.50      0.42        50
          83       0.76      0.79      0.77        52
          84       0.62      0.54      0.58        52
          85       0.56      0.64      0.60        50
          86       0.77      0.77      0.77        84
          87       0.68      0.72      0.70        68
          88       0.88      0.79      0.83       118
          89       0.55      0.65      0.59        51
          90       0.76      0.76      0.76       102
          91       0.56      0.67      0.61        51
          92       0.79      0.82      0.81        56
          93       0.64      0.73      0.68        52
          94       0.69      0.76      0.73        59
          95       0.58      0.50      0.54        56
          96       0.87      0.93      0.90        70
          97       0.25      0.48      0.33        50
          98       0.67      0.59      0.63        78
          99       0.58      0.35      0.44        92
         100       0.62      0.70      0.66        50
         101       0.79      0.61      0.69       109
         102       0.86      0.73      0.79       100
         103       0.89      0.82      0.85       110
         104       0.68      0.63      0.66        95
         105       0.70      0.67      0.69       113
         106       0.85      0.79      0.82       118
         107       0.92      0.81      0.86       119
         108       0.77      0.81      0.79        96
         109       0.81      0.95      0.87        58
         110       0.57      0.83      0.68        53
         111       0.77      0.69      0.73        81
         112       0.56      0.62      0.59        55
         113       0.40      0.47      0.43        51
         114       0.33      0.29      0.31        55
         115       0.46      0.44      0.45        59
         116       0.69      0.82      0.75        55
         117       0.57      0.70      0.63        56
         118       0.68      0.84      0.75        50
         119       0.88      0.86      0.87        69

    accuracy                           0.68      8580
   macro avg       0.67      0.68      0.67      8580
weighted avg       0.69      0.68      0.68      8580
