              precision    recall  f1-score   support

           0       0.59      0.46      0.52        52
           1       0.68      0.79      0.73        85
           2       0.79      0.66      0.72       152
           3       0.61      0.69      0.65        49
           4       0.63      0.51      0.56       114
           5       0.86      0.73      0.79        88
           6       0.80      0.85      0.83        96
           7       0.65      0.67      0.66        72
           8       0.38      0.39      0.39        72
           9       0.92      0.78      0.84       139
          10       0.57      0.45      0.50        75
          11       0.56      0.52      0.54        95
          12       0.71      0.53      0.61        87
          13       0.72      0.58      0.64        71
          14       0.49      0.59      0.53        59
          15       0.36      0.55      0.44        53
          16       0.51      0.63      0.56        57
          17       0.47      0.60      0.53        48
          18       0.70      0.61      0.65        51
          19       0.73      0.46      0.56       118
          20       0.50      0.40      0.45        82
          21       0.54      0.51      0.52        87
          22       0.76      0.85      0.80        88
          23       0.86      0.88      0.87        96
          24       0.52      0.65      0.58        51
          25       0.81      0.52      0.63       100
          26       0.63      0.58      0.61       132
          27       0.68      0.82      0.74        60
          28       0.45      0.47      0.46        55
          29       0.38      0.36      0.37        64
          30       0.77      0.74      0.76        82
          31       0.62      0.74      0.67        72
          32       0.64      0.58      0.61        79
          33       0.44      0.59      0.51        69
          34       0.56      0.46      0.50        72
          35       0.65      0.60      0.63        85
          36       0.44      0.59      0.51        64
          37       0.57      0.63      0.60        57
          38       0.58      0.38      0.46        97
          39       0.70      0.68      0.69       102
          40       0.60      0.64      0.62       102
          41       0.74      0.59      0.66        97
          42       0.65      0.61      0.63        96
          43       0.58      0.56      0.57        80
          44       0.78      0.83      0.80        82
          45       0.47      0.50      0.49        54
          46       0.42      0.65      0.51        57
          47       0.54      0.51      0.52        55
          48       0.57      0.72      0.64        58
          49       0.60      0.52      0.56       106
          50       0.46      0.52      0.49        83
          51       0.61      0.55      0.58        56
          52       0.59      0.67      0.63        69
          53       0.51      0.50      0.51        86
          54       0.49      0.62      0.55        52
          55       0.63      0.75      0.68        51
          56       0.49      0.64      0.56        50
          57       0.56      0.51      0.53        71
          58       0.63      0.61      0.62        67
          59       0.67      0.54      0.60        52
          60       0.67      0.70      0.68        54
          61       0.66      0.70      0.68        61
          62       0.67      0.67      0.67        55
          63       0.61      0.72      0.66        53
          64       0.63      0.62      0.62        52
          65       0.76      0.74      0.75        50
          66       0.87      0.76      0.81        59
          67       0.61      0.72      0.66        50
          68       0.70      0.51      0.59        59
          69       0.68      0.76      0.72        51
          70       0.61      0.68      0.64        50
          71       0.46      0.74      0.57        50
          72       0.53      0.72      0.61        54
          73       0.63      0.88      0.73        50
          74       0.57      0.72      0.64        50
          75       0.47      0.56      0.51        52
          76       0.53      0.40      0.45        53
          77       0.80      0.83      0.82        54
          78       0.63      0.72      0.68        69
          79       0.64      0.63      0.64        57
          80       0.57      0.45      0.51        53
          81       0.51      0.64      0.57        50
          82       0.42      0.58      0.49        50
          83       0.54      0.81      0.65        52
          84       0.47      0.52      0.50        52
          85       0.39      0.50      0.44        50
          86       0.76      0.77      0.76        84
          87       0.71      0.72      0.72        68
          88       0.86      0.79      0.82       118
          89       0.45      0.51      0.48        51
          90       0.70      0.79      0.75       102
          91       0.51      0.51      0.51        51
          92       0.64      0.77      0.70        56
          93       0.57      0.63      0.60        52
          94       0.70      0.63      0.66        59
          95       0.42      0.36      0.38        56
          96       0.85      0.89      0.87        70
          97       0.18      0.28      0.22        50
          98       0.65      0.44      0.52        78
          99       0.45      0.41      0.43        92
         100       0.56      0.70      0.62        50
         101       0.84      0.58      0.68       109
         102       0.91      0.69      0.78       100
         103       0.86      0.76      0.81       110
         104       0.70      0.57      0.63        95
         105       0.67      0.58      0.63       113
         106       0.82      0.74      0.78       118
         107       0.84      0.76      0.80       119
         108       0.77      0.84      0.81        96
         109       0.78      0.91      0.84        58
         110       0.69      0.81      0.75        53
         111       0.72      0.65      0.68        81
         112       0.58      0.56      0.57        55
         113       0.34      0.43      0.38        51
         114       0.34      0.25      0.29        55
         115       0.41      0.36      0.38        59
         116       0.62      0.67      0.64        55
         117       0.58      0.66      0.62        56
         118       0.75      0.84      0.79        50
         119       0.80      0.74      0.77        69

    accuracy                           0.63      8580
   macro avg       0.62      0.63      0.62      8580
weighted avg       0.64      0.63      0.63      8580
