              precision    recall  f1-score   support

           0       0.50      0.35      0.41        52
           1       0.78      0.86      0.82        85
           2       0.76      0.62      0.69       152
           3       0.69      0.76      0.72        49
           4       0.67      0.58      0.62       114
           5       0.86      0.81      0.83        88
           6       0.85      0.80      0.82        96
           7       0.67      0.62      0.65        72
           8       0.41      0.38      0.39        72
           9       0.91      0.77      0.83       139
          10       0.54      0.60      0.57        75
          11       0.62      0.57      0.59        95
          12       0.71      0.62      0.66        87
          13       0.80      0.73      0.76        71
          14       0.57      0.73      0.64        59
          15       0.39      0.43      0.41        53
          16       0.52      0.60      0.56        57
          17       0.44      0.50      0.47        48
          18       0.60      0.53      0.56        51
          19       0.61      0.46      0.52       118
          20       0.52      0.38      0.44        82
          21       0.57      0.53      0.55        87
          22       0.76      0.74      0.75        88
          23       0.82      0.81      0.82        96
          24       0.55      0.82      0.66        51
          25       0.71      0.55      0.62       100
          26       0.71      0.54      0.61       132
          27       0.70      0.85      0.77        60
          28       0.38      0.36      0.37        55
          29       0.45      0.28      0.35        64
          30       0.74      0.73      0.74        82
          31       0.65      0.75      0.70        72
          32       0.78      0.71      0.74        79
          33       0.61      0.62      0.62        69
          34       0.52      0.54      0.53        72
          35       0.63      0.54      0.58        85
          36       0.36      0.42      0.39        64
          37       0.77      0.72      0.75        57
          38       0.67      0.45      0.54        97
          39       0.68      0.76      0.72       102
          40       0.70      0.73      0.71       102
          41       0.59      0.49      0.54        97
          42       0.61      0.53      0.57        96
          43       0.72      0.68      0.70        80
          44       0.76      0.83      0.80        82
          45       0.46      0.57      0.51        54
          46       0.38      0.46      0.42        57
          47       0.52      0.58      0.55        55
          48       0.47      0.78      0.59        58
          49       0.61      0.61      0.61       106
          50       0.52      0.59      0.55        83
          51       0.46      0.54      0.50        56
          52       0.62      0.67      0.64        69
          53       0.58      0.53      0.56        86
          54       0.55      0.56      0.55        52
          55       0.59      0.65      0.62        51
          56       0.62      0.80      0.70        50
          57       0.63      0.62      0.62        71
          58       0.64      0.55      0.59        67
          59       0.67      0.67      0.67        52
          60       0.54      0.81      0.65        54
          61       0.69      0.66      0.67        61
          62       0.70      0.82      0.76        55
          63       0.72      0.72      0.72        53
          64       0.64      0.65      0.65        52
          65       0.80      0.86      0.83        50
          66       0.67      0.71      0.69        59
          67       0.57      0.68      0.62        50
          68       0.63      0.49      0.55        59
          69       0.71      0.86      0.78        51
          70       0.62      0.70      0.66        50
          71       0.61      0.68      0.64        50
          72       0.62      0.81      0.70        54
          73       0.60      0.70      0.65        50
          74       0.57      0.68      0.62        50
          75       0.56      0.67      0.61        52
          76       0.45      0.55      0.49        53
          77       0.75      0.81      0.78        54
          78       0.74      0.84      0.79        69
          79       0.65      0.60      0.62        57
          80       0.44      0.45      0.45        53
          81       0.40      0.58      0.47        50
          82       0.48      0.52      0.50        50
          83       0.60      0.77      0.67        52
          84       0.57      0.56      0.56        52
          85       0.55      0.48      0.51        50
          86       0.72      0.68      0.70        84
          87       0.57      0.66      0.61        68
          88       0.86      0.75      0.81       118
          89       0.40      0.53      0.46        51
          90       0.71      0.70      0.70       102
          91       0.51      0.63      0.56        51
          92       0.67      0.70      0.68        56
          93       0.47      0.62      0.53        52
          94       0.61      0.53      0.56        59
          95       0.34      0.34      0.34        56
          96       0.87      0.96      0.91        70
          97       0.23      0.28      0.25        50
          98       0.55      0.60      0.58        78
          99       0.50      0.40      0.45        92
         100       0.56      0.54      0.55        50
         101       0.73      0.61      0.67       109
         102       0.74      0.73      0.73       100
         103       0.87      0.86      0.87       110
         104       0.60      0.49      0.54        95
         105       0.55      0.57      0.56       113
         106       0.73      0.71      0.72       118
         107       0.89      0.75      0.81       119
         108       0.85      0.85      0.85        96
         109       0.87      0.93      0.90        58
         110       0.80      0.77      0.79        53
         111       0.67      0.62      0.64        81
         112       0.50      0.49      0.50        55
         113       0.23      0.22      0.22        51
         114       0.25      0.25      0.25        55
         115       0.24      0.12      0.16        59
         116       0.66      0.56      0.61        55
         117       0.63      0.71      0.67        56
         118       0.79      0.76      0.78        50
         119       0.70      0.83      0.76        69

    accuracy                           0.63      8580
   macro avg       0.62      0.63      0.62      8580
weighted avg       0.64      0.63      0.63      8580
