              precision    recall  f1-score   support

           0       0.03      0.04      0.04        52
           1       0.05      0.06      0.06        85
           2       0.08      0.02      0.03       152
           3       0.01      0.02      0.02        49
           4       0.00      0.00      0.00       114
           5       0.07      0.16      0.10        88
           6       0.02      0.01      0.01        96
           7       0.03      0.04      0.03        72
           8       0.01      0.01      0.01        72
           9       0.04      0.01      0.01       139
          10       0.00      0.00      0.00        75
          11       0.08      0.05      0.06        95
          12       0.06      0.09      0.07        87
          13       0.00      0.00      0.00        71
          14       0.09      0.20      0.13        59
          15       0.06      0.09      0.07        53
          16       0.07      0.11      0.08        57
          17       0.02      0.02      0.02        48
          18       0.04      0.04      0.04        51
          19       0.00      0.00      0.00       118
          20       0.00      0.00      0.00        82
          21       0.00      0.00      0.00        87
          22       0.02      0.03      0.03        88
          23       0.00      0.00      0.00        96
          24       0.01      0.02      0.02        51
          25       0.00      0.00      0.00       100
          26       0.10      0.10      0.10       132
          27       0.00      0.00      0.00        60
          28       0.03      0.02      0.02        55
          29       0.03      0.02      0.02        64
          30       0.06      0.01      0.02        82
          31       0.04      0.07      0.05        72
          32       0.04      0.04      0.04        79
          33       0.03      0.07      0.04        69
          34       0.14      0.10      0.11        72
          35       0.00      0.00      0.00        85
          36       0.05      0.03      0.04        64
          37       0.00      0.00      0.00        57
          38       0.11      0.11      0.11        97
          39       0.12      0.15      0.13       102
          40       0.06      0.04      0.05       102
          41       0.07      0.01      0.02        97
          42       0.08      0.04      0.05        96
          43       0.00      0.00      0.00        80
          44       0.06      0.09      0.07        82
          45       0.01      0.02      0.01        54
          46       0.02      0.02      0.02        57
          47       0.00      0.00      0.00        55
          48       0.04      0.05      0.05        58
          49       0.04      0.01      0.02       106
          50       0.00      0.00      0.00        83
          51       0.04      0.04      0.04        56
          52       0.02      0.03      0.02        69
          53       0.03      0.03      0.03        86
          54       0.04      0.02      0.03        52
          55       0.05      0.12      0.07        51
          56       0.04      0.06      0.04        50
          57       0.05      0.01      0.02        71
          58       0.04      0.03      0.03        67
          59       0.00      0.00      0.00        52
          60       0.02      0.02      0.02        54
          61       0.00      0.00      0.00        61
          62       0.06      0.11      0.07        55
          63       0.09      0.15      0.12        53
          64       0.01      0.02      0.01        52
          65       0.02      0.02      0.02        50
          66       0.03      0.05      0.04        59
          67       0.04      0.08      0.05        50
          68       0.00      0.00      0.00        59
          69       0.08      0.18      0.11        51
          70       0.05      0.10      0.07        50
          71       0.08      0.18      0.11        50
          72       0.09      0.11      0.10        54
          73       0.05      0.04      0.05        50
          74       0.05      0.02      0.03        50
          75       0.00      0.00      0.00        52
          76       0.00      0.00      0.00        53
          77       0.02      0.07      0.03        54
          78       0.03      0.04      0.03        69
          79       0.05      0.18      0.07        57
          80       0.00      0.00      0.00        53
          81       0.05      0.10      0.07        50
          82       0.02      0.02      0.02        50
          83       0.08      0.12      0.10        52
          84       0.04      0.08      0.05        52
          85       0.04      0.04      0.04        50
          86       0.11      0.14      0.13        84
          87       0.00      0.00      0.00        68
          88       0.01      0.01      0.01       118
          89       0.08      0.18      0.11        51
          90       0.18      0.32      0.23       102
          91       0.04      0.04      0.04        51
          92       0.10      0.04      0.05        56
          93       0.00      0.00      0.00        52
          94       0.01      0.02      0.02        59
          95       0.02      0.04      0.03        56
          96       0.00      0.00      0.00        70
          97       0.00      0.00      0.00        50
          98       0.02      0.03      0.02        78
          99       0.08      0.01      0.02        92
         100       0.07      0.06      0.07        50
         101       0.03      0.03      0.03       109
         102       0.03      0.01      0.01       100
         103       0.17      0.17      0.17       110
         104       0.00      0.00      0.00        95
         105       0.00      0.00      0.00       113
         106       0.04      0.02      0.02       118
         107       0.02      0.01      0.01       119
         108       0.09      0.02      0.03        96
         109       0.00      0.00      0.00        58
         110       0.10      0.15      0.12        53
         111       0.01      0.01      0.01        81
         112       0.04      0.02      0.02        55
         113       0.01      0.04      0.02        51
         114       0.02      0.02      0.02        55
         115       0.01      0.02      0.02        59
         116       0.01      0.02      0.01        55
         117       0.09      0.23      0.13        56
         118       0.09      0.20      0.13        50
         119       0.06      0.04      0.05        69

    accuracy                           0.05      8580
   macro avg       0.04      0.05      0.04      8580
weighted avg       0.04      0.05      0.04      8580
