              precision    recall  f1-score   support

           0       0.22      0.75      0.34      1000
           1       0.55      0.25      0.35      1000
           2       0.33      0.47      0.39      1000
           3       0.23      0.20      0.21      1000
           4       0.43      0.28      0.34      1000
           5       0.34      0.15      0.21      1000
           6       0.46      0.36      0.41      1000
           7       0.65      0.29      0.40      1000
           8       0.43      0.50      0.46      1000
           9       0.70      0.25      0.37      1000

    accuracy                           0.35     10000
   macro avg       0.43      0.35      0.35     10000
weighted avg       0.43      0.35      0.35     10000
