              precision    recall  f1-score   support

           0       0.70      0.73      0.72      1000
           1       0.84      0.86      0.85      1000
           2       0.57      0.58      0.58      1000
           3       0.53      0.48      0.51      1000
           4       0.64      0.61      0.62      1000
           5       0.57      0.60      0.59      1000
           6       0.74      0.77      0.76      1000
           7       0.76      0.69      0.72      1000
           8       0.79      0.82      0.81      1000
           9       0.82      0.82      0.82      1000

    accuracy                           0.70     10000
   macro avg       0.70      0.70      0.70     10000
weighted avg       0.70      0.70      0.70     10000
