              precision    recall  f1-score   support

           0       0.84      0.87      0.86      1000
           1       0.91      0.94      0.93      1000
           2       0.83      0.79      0.81      1000
           3       0.71      0.72      0.71      1000
           4       0.83      0.83      0.83      1000
           5       0.76      0.74      0.75      1000
           6       0.84      0.91      0.87      1000
           7       0.89      0.85      0.87      1000
           8       0.92      0.90      0.91      1000
           9       0.93      0.89      0.91      1000

    accuracy                           0.84     10000
   macro avg       0.84      0.84      0.84     10000
weighted avg       0.84      0.84      0.84     10000
