              precision    recall  f1-score   support

           0       0.87      0.89      0.88      1000
           1       0.92      0.95      0.94      1000
           2       0.79      0.81      0.80      1000
           3       0.77      0.72      0.74      1000
           4       0.86      0.84      0.85      1000
           5       0.78      0.81      0.79      1000
           6       0.86      0.92      0.89      1000
           7       0.93      0.87      0.90      1000
           8       0.92      0.93      0.92      1000
           9       0.95      0.90      0.92      1000

    accuracy                           0.86     10000
   macro avg       0.86      0.86      0.86     10000
weighted avg       0.86      0.86      0.86     10000
