              precision    recall  f1-score   support

           0       0.34      0.27      0.30        52
           1       0.78      0.81      0.80        85
           2       0.72      0.50      0.59       152
           3       0.58      0.67      0.62        49
           4       0.55      0.48      0.51       114
           5       0.79      0.77      0.78        88
           6       0.77      0.75      0.76        96
           7       0.66      0.61      0.63        72
           8       0.31      0.26      0.28        72
           9       0.75      0.66      0.70       139
          10       0.46      0.57      0.51        75
          11       0.54      0.53      0.53        95
          12       0.65      0.52      0.58        87
          13       0.64      0.65      0.64        71
          14       0.52      0.53      0.52        59
          15       0.36      0.47      0.41        53
          16       0.47      0.56      0.51        57
          17       0.36      0.40      0.38        48
          18       0.28      0.39      0.33        51
          19       0.56      0.36      0.44       118
          20       0.48      0.40      0.44        82
          21       0.45      0.38      0.41        87
          22       0.71      0.61      0.66        88
          23       0.71      0.75      0.73        96
          24       0.54      0.71      0.61        51
          25       0.54      0.48      0.51       100
          26       0.68      0.55      0.61       132
          27       0.62      0.67      0.65        60
          28       0.35      0.27      0.31        55
          29       0.32      0.23      0.27        64
          30       0.73      0.68      0.70        82
          31       0.60      0.74      0.66        72
          32       0.62      0.53      0.57        79
          33       0.44      0.49      0.47        69
          34       0.33      0.38      0.35        72
          35       0.52      0.46      0.49        85
          36       0.27      0.36      0.31        64
          37       0.70      0.68      0.69        57
          38       0.66      0.40      0.50        97
          39       0.64      0.62      0.63       102
          40       0.65      0.63      0.64       102
          41       0.59      0.41      0.48        97
          42       0.58      0.52      0.55        96
          43       0.55      0.59      0.57        80
          44       0.71      0.77      0.74        82
          45       0.40      0.48      0.44        54
          46       0.34      0.42      0.38        57
          47       0.47      0.49      0.48        55
          48       0.44      0.64      0.52        58
          49       0.57      0.49      0.53       106
          50       0.54      0.51      0.52        83
          51       0.44      0.46      0.45        56
          52       0.46      0.59      0.52        69
          53       0.41      0.33      0.36        86
          54       0.42      0.48      0.45        52
          55       0.43      0.61      0.50        51
          56       0.54      0.76      0.63        50
          57       0.55      0.45      0.50        71
          58       0.58      0.54      0.56        67
          59       0.54      0.63      0.58        52
          60       0.44      0.59      0.50        54
          61       0.52      0.52      0.52        61
          62       0.73      0.75      0.74        55
          63       0.61      0.64      0.62        53
          64       0.56      0.54      0.55        52
          65       0.64      0.76      0.70        50
          66       0.68      0.76      0.72        59
          67       0.53      0.60      0.56        50
          68       0.47      0.44      0.46        59
          69       0.61      0.84      0.70        51
          70       0.57      0.50      0.53        50
          71       0.50      0.54      0.52        50
          72       0.58      0.70      0.63        54
          73       0.44      0.54      0.48        50
          74       0.43      0.50      0.46        50
          75       0.42      0.48      0.45        52
          76       0.32      0.38      0.35        53
          77       0.80      0.74      0.77        54
          78       0.54      0.72      0.62        69
          79       0.59      0.47      0.52        57
          80       0.34      0.40      0.37        53
          81       0.36      0.58      0.45        50
          82       0.40      0.46      0.43        50
          83       0.38      0.77      0.51        52
          84       0.47      0.46      0.47        52
          85       0.27      0.26      0.26        50
          86       0.61      0.51      0.55        84
          87       0.51      0.62      0.56        68
          88       0.86      0.67      0.75       118
          89       0.21      0.31      0.25        51
          90       0.60      0.60      0.60       102
          91       0.43      0.49      0.46        51
          92       0.63      0.66      0.64        56
          93       0.36      0.58      0.44        52
          94       0.52      0.51      0.51        59
          95       0.29      0.36      0.32        56
          96       0.86      0.93      0.89        70
          97       0.25      0.30      0.27        50
          98       0.51      0.49      0.50        78
          99       0.43      0.35      0.38        92
         100       0.36      0.32      0.34        50
         101       0.65      0.52      0.58       109
         102       0.80      0.71      0.75       100
         103       0.83      0.75      0.78       110
         104       0.56      0.36      0.44        95
         105       0.64      0.60      0.62       113
         106       0.77      0.79      0.78       118
         107       0.82      0.66      0.73       119
         108       0.76      0.72      0.74        96
         109       0.79      0.79      0.79        58
         110       0.60      0.66      0.63        53
         111       0.61      0.67      0.64        81
         112       0.41      0.42      0.41        55
         113       0.28      0.24      0.26        51
         114       0.26      0.25      0.26        55
         115       0.15      0.07      0.09        59
         116       0.57      0.58      0.58        55
         117       0.63      0.61      0.62        56
         118       0.56      0.64      0.60        50
         119       0.77      0.81      0.79        69

    accuracy                           0.55      8580
   macro avg       0.54      0.55      0.54      8580
weighted avg       0.56      0.55      0.55      8580
