              precision    recall  f1-score   support

           0       0.25      0.73      0.37      1000
           1       0.89      0.24      0.38      1000
           2       0.45      0.47      0.46      1000
           3       0.49      0.18      0.27      1000
           4       0.50      0.41      0.45      1000
           5       0.47      0.19      0.27      1000
           6       0.37      0.62      0.47      1000
           7       0.83      0.19      0.31      1000
           8       0.39      0.79      0.52      1000
           9       0.89      0.21      0.34      1000

    accuracy                           0.40     10000
   macro avg       0.55      0.40      0.38     10000
weighted avg       0.55      0.40      0.38     10000
