              precision    recall  f1-score   support

           0       0.25      0.72      0.37      1000
           1       0.90      0.24      0.39      1000
           2       0.46      0.47      0.46      1000
           3       0.48      0.18      0.26      1000
           4       0.49      0.41      0.45      1000
           5       0.47      0.20      0.28      1000
           6       0.37      0.61      0.46      1000
           7       0.88      0.19      0.31      1000
           8       0.38      0.79      0.52      1000
           9       0.88      0.20      0.32      1000

    accuracy                           0.40     10000
   macro avg       0.56      0.40      0.38     10000
weighted avg       0.56      0.40      0.38     10000
