              precision    recall  f1-score   support

           0       0.00      0.00      0.00        52
           1       0.13      0.11      0.12        85
           2       0.20      0.08      0.11       152
           3       0.05      0.08      0.06        49
           4       0.04      0.04      0.04       114
           5       0.23      0.25      0.24        88
           6       0.23      0.23      0.23        96
           7       0.14      0.12      0.13        72
           8       0.10      0.10      0.10        72
           9       0.17      0.12      0.14       139
          10       0.05      0.07      0.06        75
          11       0.18      0.05      0.08        95
          12       0.20      0.05      0.07        87
          13       0.06      0.04      0.05        71
          14       0.09      0.14      0.11        59
          15       0.07      0.06      0.06        53
          16       0.16      0.12      0.14        57
          17       0.11      0.02      0.04        48
          18       0.03      0.02      0.02        51
          19       0.10      0.11      0.11       118
          20       0.05      0.01      0.02        82
          21       0.00      0.00      0.00        87
          22       0.31      0.12      0.18        88
          23       0.17      0.20      0.18        96
          24       0.11      0.22      0.14        51
          25       0.08      0.04      0.05       100
          26       0.19      0.10      0.13       132
          27       0.06      0.05      0.06        60
          28       0.02      0.04      0.02        55
          29       0.00      0.00      0.00        64
          30       0.22      0.06      0.10        82
          31       0.03      0.04      0.04        72
          32       0.10      0.08      0.08        79
          33       0.09      0.07      0.08        69
          34       0.09      0.12      0.10        72
          35       0.06      0.06      0.06        85
          36       0.03      0.03      0.03        64
          37       0.09      0.05      0.07        57
          38       0.20      0.09      0.13        97
          39       0.29      0.11      0.16       102
          40       0.11      0.05      0.07       102
          41       0.14      0.09      0.11        97
          42       0.16      0.17      0.16        96
          43       0.12      0.16      0.14        80
          44       0.13      0.13      0.13        82
          45       0.03      0.07      0.04        54
          46       0.04      0.11      0.05        57
          47       0.05      0.09      0.06        55
          48       0.06      0.09      0.07        58
          49       0.07      0.05      0.06       106
          50       0.15      0.10      0.12        83
          51       0.07      0.16      0.10        56
          52       0.06      0.06      0.06        69
          53       0.08      0.09      0.09        86
          54       0.12      0.08      0.09        52
          55       0.02      0.02      0.02        51
          56       0.03      0.06      0.04        50
          57       0.02      0.01      0.02        71
          58       0.08      0.06      0.07        67
          59       0.19      0.13      0.16        52
          60       0.16      0.09      0.12        54
          61       0.02      0.02      0.02        61
          62       0.16      0.22      0.18        55
          63       0.15      0.13      0.14        53
          64       0.12      0.15      0.14        52
          65       0.15      0.18      0.16        50
          66       0.22      0.22      0.22        59
          67       0.08      0.18      0.11        50
          68       0.02      0.03      0.03        59
          69       0.15      0.35      0.21        51
          70       0.31      0.26      0.28        50
          71       0.09      0.10      0.09        50
          72       0.11      0.13      0.12        54
          73       0.14      0.14      0.14        50
          74       0.07      0.12      0.09        50
          75       0.03      0.10      0.05        52
          76       0.10      0.06      0.07        53
          77       0.33      0.39      0.36        54
          78       0.09      0.12      0.10        69
          79       0.06      0.05      0.06        57
          80       0.02      0.02      0.02        53
          81       0.12      0.26      0.16        50
          82       0.11      0.22      0.15        50
          83       0.12      0.37      0.18        52
          84       0.03      0.02      0.02        52
          85       0.12      0.14      0.13        50
          86       0.14      0.13      0.13        84
          87       0.34      0.31      0.33        68
          88       0.29      0.28      0.28       118
          89       0.09      0.22      0.12        51
          90       0.29      0.12      0.17       102
          91       0.11      0.06      0.08        51
          92       0.09      0.07      0.08        56
          93       0.14      0.23      0.17        52
          94       0.03      0.02      0.02        59
          95       0.00      0.00      0.00        56
          96       0.26      0.47      0.34        70
          97       0.04      0.04      0.04        50
          98       0.11      0.14      0.12        78
          99       0.11      0.11      0.11        92
         100       0.02      0.02      0.02        50
         101       0.37      0.09      0.15       109
         102       0.09      0.06      0.07       100
         103       0.53      0.34      0.41       110
         104       0.05      0.05      0.05        95
         105       0.12      0.06      0.08       113
         106       0.18      0.11      0.14       118
         107       0.29      0.16      0.21       119
         108       0.10      0.16      0.12        96
         109       0.09      0.14      0.11        58
         110       0.10      0.26      0.15        53
         111       0.17      0.17      0.17        81
         112       0.05      0.05      0.05        55
         113       0.03      0.02      0.02        51
         114       0.02      0.02      0.02        55
         115       0.03      0.02      0.02        59
         116       0.30      0.13      0.18        55
         117       0.18      0.14      0.16        56
         118       0.22      0.32      0.26        50
         119       0.27      0.52      0.36        69

    accuracy                           0.12      8580
   macro avg       0.12      0.12      0.11      8580
weighted avg       0.13      0.12      0.12      8580
