              precision    recall  f1-score   support

           0       0.02      0.02      0.02        52
           1       0.07      0.13      0.09        85
           2       0.11      0.11      0.11       152
           3       0.04      0.06      0.05        49
           4       0.00      0.00      0.00       114
           5       0.03      0.03      0.03        88
           6       0.06      0.01      0.02        96
           7       0.04      0.08      0.05        72
           8       0.04      0.06      0.05        72
           9       0.10      0.06      0.07       139
          10       0.02      0.01      0.01        75
          11       0.07      0.09      0.08        95
          12       0.08      0.13      0.10        87
          13       0.06      0.06      0.06        71
          14       0.08      0.17      0.11        59
          15       0.06      0.08      0.07        53
          16       0.04      0.04      0.04        57
          17       0.04      0.10      0.06        48
          18       0.02      0.04      0.03        51
          19       0.03      0.02      0.02       118
          20       0.00      0.00      0.00        82
          21       0.07      0.02      0.03        87
          22       0.05      0.03      0.04        88
          23       0.00      0.00      0.00        96
          24       0.03      0.06      0.04        51
          25       0.06      0.10      0.07       100
          26       0.13      0.10      0.11       132
          27       0.05      0.02      0.02        60
          28       0.06      0.04      0.04        55
          29       0.06      0.02      0.03        64
          30       0.00      0.00      0.00        82
          31       0.00      0.00      0.00        72
          32       0.08      0.04      0.05        79
          33       0.05      0.09      0.06        69
          34       0.04      0.03      0.03        72
          35       0.08      0.04      0.05        85
          36       0.06      0.03      0.04        64
          37       0.05      0.04      0.04        57
          38       0.00      0.00      0.00        97
          39       0.06      0.09      0.07       102
          40       0.19      0.06      0.09       102
          41       0.03      0.01      0.02        97
          42       0.06      0.14      0.08        96
          43       0.11      0.12      0.12        80
          44       0.08      0.15      0.10        82
          45       0.00      0.00      0.00        54
          46       0.04      0.04      0.04        57
          47       0.05      0.07      0.06        55
          48       0.04      0.09      0.05        58
          49       0.10      0.05      0.06       106
          50       0.10      0.11      0.10        83
          51       0.00      0.00      0.00        56
          52       0.06      0.06      0.06        69
          53       0.02      0.06      0.03        86
          54       0.00      0.00      0.00        52
          55       0.05      0.08      0.06        51
          56       0.00      0.00      0.00        50
          57       0.00      0.00      0.00        71
          58       0.06      0.07      0.07        67
          59       0.01      0.02      0.01        52
          60       0.02      0.04      0.03        54
          61       0.00      0.00      0.00        61
          62       0.10      0.25      0.14        55
          63       0.05      0.15      0.08        53
          64       0.03      0.02      0.02        52
          65       0.03      0.08      0.05        50
          66       0.04      0.03      0.04        59
          67       0.03      0.12      0.05        50
          68       0.00      0.00      0.00        59
          69       0.05      0.16      0.08        51
          70       0.04      0.06      0.05        50
          71       0.06      0.06      0.06        50
          72       0.05      0.11      0.07        54
          73       0.02      0.02      0.02        50
          74       0.00      0.00      0.00        50
          75       0.00      0.00      0.00        52
          76       0.00      0.00      0.00        53
          77       0.09      0.35      0.15        54
          78       0.00      0.00      0.00        69
          79       0.02      0.04      0.02        57
          80       0.00      0.00      0.00        53
          81       0.04      0.10      0.06        50
          82       0.04      0.08      0.05        50
          83       0.09      0.04      0.05        52
          84       0.00      0.00      0.00        52
          85       0.00      0.00      0.00        50
          86       0.03      0.02      0.03        84
          87       0.05      0.01      0.02        68
          88       0.07      0.03      0.04       118
          89       0.06      0.16      0.08        51
          90       0.15      0.07      0.09       102
          91       0.00      0.00      0.00        51
          92       0.05      0.02      0.03        56
          93       0.00      0.00      0.00        52
          94       0.00      0.00      0.00        59
          95       0.00      0.00      0.00        56
          96       0.00      0.00      0.00        70
          97       0.01      0.02      0.01        50
          98       0.00      0.00      0.00        78
          99       0.02      0.02      0.02        92
         100       0.08      0.06      0.07        50
         101       0.08      0.06      0.07       109
         102       0.05      0.02      0.03       100
         103       0.12      0.07      0.09       110
         104       0.00      0.00      0.00        95
         105       0.04      0.01      0.01       113
         106       0.09      0.08      0.08       118
         107       0.12      0.14      0.13       119
         108       0.15      0.08      0.11        96
         109       0.09      0.10      0.10        58
         110       0.09      0.13      0.11        53
         111       0.08      0.12      0.10        81
         112       0.00      0.00      0.00        55
         113       0.01      0.02      0.01        51
         114       0.00      0.00      0.00        55
         115       0.05      0.05      0.05        59
         116       0.07      0.07      0.07        55
         117       0.02      0.04      0.02        56
         118       0.08      0.16      0.10        50
         119       0.00      0.00      0.00        69

    accuracy                           0.05      8580
   macro avg       0.04      0.05      0.04      8580
weighted avg       0.05      0.05      0.05      8580
