              precision    recall  f1-score   support

           0       0.62      0.60      0.61        52
           1       0.74      0.82      0.78        85
           2       0.88      0.74      0.80       152
           3       0.78      0.80      0.79        49
           4       0.68      0.61      0.64       114
           5       0.89      0.82      0.85        88
           6       0.93      0.85      0.89        96
           7       0.74      0.68      0.71        72
           8       0.48      0.50      0.49        72
           9       0.94      0.92      0.93       139
          10       0.74      0.69      0.72        75
          11       0.71      0.66      0.68        95
          12       0.78      0.69      0.73        87
          13       0.82      0.79      0.81        71
          14       0.59      0.69      0.64        59
          15       0.48      0.55      0.51        53
          16       0.57      0.67      0.61        57
          17       0.58      0.62      0.60        48
          18       0.79      0.73      0.76        51
          19       0.79      0.63      0.70       118
          20       0.75      0.60      0.67        82
          21       0.69      0.68      0.69        87
          22       0.88      0.80      0.83        88
          23       0.85      0.95      0.90        96
          24       0.52      0.84      0.65        51
          25       0.90      0.79      0.84       100
          26       0.74      0.73      0.74       132
          27       0.82      0.78      0.80        60
          28       0.50      0.53      0.51        55
          29       0.52      0.45      0.48        64
          30       0.87      0.84      0.86        82
          31       0.71      0.88      0.78        72
          32       0.74      0.57      0.64        79
          33       0.65      0.70      0.67        69
          34       0.49      0.62      0.55        72
          35       0.78      0.55      0.65        85
          36       0.43      0.56      0.49        64
          37       0.67      0.79      0.73        57
          38       0.76      0.48      0.59        97
          39       0.79      0.79      0.79       102
          40       0.80      0.79      0.80       102
          41       0.67      0.69      0.68        97
          42       0.66      0.58      0.62        96
          43       0.70      0.69      0.69        80
          44       0.83      0.78      0.81        82
          45       0.59      0.63      0.61        54
          46       0.52      0.61      0.56        57
          47       0.62      0.60      0.61        55
          48       0.69      0.66      0.67        58
          49       0.66      0.59      0.63       106
          50       0.55      0.58      0.56        83
          51       0.54      0.55      0.55        56
          52       0.72      0.70      0.71        69
          53       0.48      0.53      0.51        86
          54       0.58      0.75      0.66        52
          55       0.62      0.78      0.70        51
          56       0.66      0.88      0.75        50
          57       0.65      0.61      0.63        71
          58       0.73      0.84      0.78        67
          59       0.86      0.85      0.85        52
          60       0.74      0.80      0.77        54
          61       0.75      0.77      0.76        61
          62       0.82      0.84      0.83        55
          63       0.84      0.81      0.83        53
          64       0.59      0.75      0.66        52
          65       0.83      0.88      0.85        50
          66       0.87      0.80      0.83        59
          67       0.75      0.80      0.78        50
          68       0.79      0.56      0.65        59
          69       0.96      0.90      0.93        51
          70       0.59      0.86      0.70        50
          71       0.49      0.66      0.56        50
          72       0.74      0.78      0.76        54
          73       0.70      0.96      0.81        50
          74       0.62      0.88      0.73        50
          75       0.65      0.67      0.66        52
          76       0.69      0.58      0.63        53
          77       0.86      0.89      0.87        54
          78       0.79      0.78      0.79        69
          79       0.79      0.60      0.68        57
          80       0.57      0.57      0.57        53
          81       0.57      0.72      0.64        50
          82       0.42      0.64      0.51        50
          83       0.75      0.85      0.79        52
          84       0.68      0.62      0.65        52
          85       0.70      0.66      0.68        50
          86       0.75      0.83      0.79        84
          87       0.67      0.68      0.67        68
          88       0.92      0.78      0.84       118
          89       0.51      0.63      0.56        51
          90       0.72      0.75      0.73       102
          91       0.69      0.71      0.70        51
          92       0.71      0.79      0.75        56
          93       0.62      0.73      0.67        52
          94       0.73      0.69      0.71        59
          95       0.59      0.52      0.55        56
          96       0.89      0.97      0.93        70
          97       0.32      0.56      0.41        50
          98       0.70      0.60      0.65        78
          99       0.55      0.42      0.48        92
         100       0.61      0.70      0.65        50
         101       0.81      0.63      0.71       109
         102       0.86      0.80      0.83       100
         103       0.92      0.82      0.87       110
         104       0.81      0.59      0.68        95
         105       0.79      0.60      0.68       113
         106       0.88      0.88      0.88       118
         107       0.93      0.82      0.88       119
         108       0.91      0.91      0.91        96
         109       0.88      0.98      0.93        58
         110       0.72      0.83      0.77        53
         111       0.77      0.69      0.73        81
         112       0.63      0.58      0.60        55
         113       0.42      0.43      0.43        51
         114       0.42      0.42      0.42        55
         115       0.59      0.54      0.57        59
         116       0.70      0.82      0.76        55
         117       0.61      0.77      0.68        56
         118       0.80      0.90      0.85        50
         119       0.92      0.78      0.84        69

    accuracy                           0.71      8580
   macro avg       0.71      0.71      0.70      8580
weighted avg       0.73      0.71      0.72      8580
