              precision    recall  f1-score   support

           0       0.29      0.25      0.27        52
           1       0.65      0.62      0.63        85
           2       0.67      0.38      0.49       152
           3       0.28      0.45      0.34        49
           4       0.19      0.09      0.12       114
           5       0.56      0.77      0.65        88
           6       0.67      0.72      0.69        96
           7       0.34      0.43      0.38        72
           8       0.31      0.21      0.25        72
           9       0.77      0.42      0.54       139
          10       0.46      0.28      0.35        75
          11       0.30      0.36      0.32        95
          12       0.56      0.48      0.52        87
          13       0.56      0.46      0.51        71
          14       0.41      0.49      0.45        59
          15       0.25      0.53      0.34        53
          16       0.32      0.39      0.35        57
          17       0.32      0.42      0.36        48
          18       0.33      0.33      0.33        51
          19       0.38      0.18      0.24       118
          20       0.22      0.16      0.18        82
          21       0.21      0.25      0.23        87
          22       0.74      0.51      0.60        88
          23       0.61      0.65      0.63        96
          24       0.66      0.45      0.53        51
          25       0.59      0.24      0.34       100
          26       0.40      0.52      0.45       132
          27       0.56      0.58      0.57        60
          28       0.19      0.31      0.23        55
          29       0.12      0.19      0.15        64
          30       0.84      0.45      0.59        82
          31       0.35      0.49      0.41        72
          32       0.39      0.34      0.36        79
          33       0.22      0.16      0.19        69
          34       0.15      0.40      0.22        72
          35       0.30      0.31      0.30        85
          36       0.19      0.34      0.24        64
          37       0.39      0.39      0.39        57
          38       0.40      0.28      0.33        97
          39       0.63      0.30      0.41       102
          40       0.60      0.37      0.46       102
          41       0.32      0.34      0.33        97
          42       0.24      0.30      0.27        96
          43       0.37      0.42      0.40        80
          44       0.49      0.57      0.53        82
          45       0.34      0.46      0.39        54
          46       0.38      0.26      0.31        57
          47       0.26      0.18      0.22        55
          48       0.36      0.33      0.34        58
          49       0.54      0.28      0.37       106
          50       0.31      0.57      0.40        83
          51       0.31      0.20      0.24        56
          52       0.39      0.42      0.40        69
          53       0.32      0.41      0.36        86
          54       0.24      0.33      0.27        52
          55       0.38      0.33      0.35        51
          56       0.48      0.42      0.45        50
          57       0.29      0.17      0.21        71
          58       0.56      0.49      0.52        67
          59       0.48      0.38      0.43        52
          60       0.59      0.43      0.49        54
          61       0.46      0.31      0.37        61
          62       0.40      0.38      0.39        55
          63       0.45      0.70      0.55        53
          64       0.43      0.35      0.38        52
          65       0.59      0.44      0.51        50
          66       0.80      0.54      0.65        59
          67       0.42      0.34      0.38        50
          68       0.26      0.19      0.22        59
          69       0.52      0.65      0.58        51
          70       0.37      0.50      0.43        50
          71       0.33      0.24      0.28        50
          72       0.42      0.50      0.45        54
          73       0.35      0.44      0.39        50
          74       0.32      0.56      0.41        50
          75       0.28      0.37      0.32        52
          76       0.15      0.11      0.13        53
          77       0.71      0.56      0.62        54
          78       0.46      0.55      0.50        69
          79       0.54      0.60      0.57        57
          80       0.33      0.30      0.32        53
          81       0.33      0.40      0.36        50
          82       0.23      0.44      0.30        50
          83       0.48      0.50      0.49        52
          84       0.38      0.38      0.38        52
          85       0.26      0.40      0.31        50
          86       0.52      0.55      0.53        84
          87       0.55      0.34      0.42        68
          88       0.80      0.51      0.62       118
          89       0.21      0.53      0.30        51
          90       0.55      0.63      0.58       102
          91       0.18      0.22      0.20        51
          92       0.41      0.55      0.47        56
          93       0.29      0.40      0.34        52
          94       0.29      0.34      0.31        59
          95       0.15      0.20      0.17        56
          96       0.83      0.76      0.79        70
          97       0.15      0.24      0.19        50
          98       0.46      0.36      0.40        78
          99       0.37      0.39      0.38        92
         100       0.16      0.24      0.20        50
         101       0.72      0.35      0.47       109
         102       0.61      0.38      0.47       100
         103       0.67      0.51      0.58       110
         104       0.29      0.16      0.20        95
         105       0.39      0.45      0.42       113
         106       0.70      0.63      0.66       118
         107       0.71      0.65      0.68       119
         108       0.44      0.39      0.41        96
         109       0.54      0.67      0.60        58
         110       0.31      0.51      0.39        53
         111       0.54      0.47      0.50        81
         112       0.31      0.42      0.35        55
         113       0.28      0.25      0.27        51
         114       0.36      0.15      0.21        55
         115       0.15      0.10      0.12        59
         116       0.33      0.35      0.34        55
         117       0.44      0.43      0.44        56
         118       0.38      0.54      0.45        50
         119       0.63      0.67      0.65        69

    accuracy                           0.41      8580
   macro avg       0.42      0.40      0.40      8580
weighted avg       0.44      0.41      0.41      8580
