              precision    recall  f1-score   support

           0       0.40      0.31      0.35        52
           1       0.77      0.81      0.79        85
           2       0.78      0.56      0.65       152
           3       0.58      0.67      0.62        49
           4       0.57      0.58      0.58       114
           5       0.85      0.76      0.80        88
           6       0.80      0.77      0.78        96
           7       0.63      0.64      0.63        72
           8       0.37      0.33      0.35        72
           9       0.83      0.76      0.79       139
          10       0.49      0.59      0.53        75
          11       0.66      0.54      0.59        95
          12       0.77      0.59      0.67        87
          13       0.67      0.69      0.68        71
          14       0.61      0.64      0.63        59
          15       0.40      0.49      0.44        53
          16       0.56      0.67      0.61        57
          17       0.34      0.44      0.38        48
          18       0.48      0.47      0.48        51
          19       0.57      0.43      0.49       118
          20       0.46      0.46      0.46        82
          21       0.49      0.48      0.49        87
          22       0.73      0.69      0.71        88
          23       0.75      0.82      0.78        96
          24       0.59      0.73      0.65        51
          25       0.63      0.54      0.58       100
          26       0.66      0.52      0.58       132
          27       0.66      0.77      0.71        60
          28       0.40      0.35      0.37        55
          29       0.41      0.28      0.33        64
          30       0.75      0.71      0.73        82
          31       0.62      0.78      0.69        72
          32       0.75      0.62      0.68        79
          33       0.57      0.64      0.60        69
          34       0.42      0.43      0.42        72
          35       0.58      0.49      0.54        85
          36       0.36      0.45      0.40        64
          37       0.72      0.67      0.69        57
          38       0.62      0.41      0.49        97
          39       0.69      0.70      0.69       102
          40       0.68      0.66      0.67       102
          41       0.57      0.48      0.52        97
          42       0.57      0.53      0.55        96
          43       0.69      0.70      0.70        80
          44       0.73      0.77      0.75        82
          45       0.48      0.48      0.48        54
          46       0.31      0.39      0.34        57
          47       0.53      0.45      0.49        55
          48       0.54      0.76      0.63        58
          49       0.60      0.53      0.56       106
          50       0.52      0.47      0.49        83
          51       0.48      0.52      0.50        56
          52       0.62      0.71      0.66        69
          53       0.51      0.45      0.48        86
          54       0.57      0.65      0.61        52
          55       0.47      0.61      0.53        51
          56       0.55      0.72      0.63        50
          57       0.59      0.45      0.51        71
          58       0.56      0.66      0.61        67
          59       0.67      0.62      0.64        52
          60       0.50      0.83      0.62        54
          61       0.58      0.59      0.59        61
          62       0.69      0.76      0.72        55
          63       0.73      0.70      0.71        53
          64       0.73      0.62      0.67        52
          65       0.69      0.80      0.74        50
          66       0.69      0.76      0.73        59
          67       0.57      0.62      0.60        50
          68       0.51      0.41      0.45        59
          69       0.64      0.84      0.73        51
          70       0.56      0.62      0.59        50
          71       0.52      0.56      0.54        50
          72       0.59      0.78      0.67        54
          73       0.51      0.58      0.54        50
          74       0.60      0.66      0.63        50
          75       0.51      0.50      0.50        52
          76       0.40      0.51      0.45        53
          77       0.70      0.80      0.75        54
          78       0.71      0.80      0.75        69
          79       0.64      0.53      0.58        57
          80       0.37      0.42      0.39        53
          81       0.43      0.56      0.49        50
          82       0.47      0.54      0.50        50
          83       0.51      0.79      0.62        52
          84       0.52      0.60      0.55        52
          85       0.42      0.42      0.42        50
          86       0.66      0.63      0.65        84
          87       0.56      0.63      0.59        68
          88       0.87      0.70      0.78       118
          89       0.29      0.49      0.37        51
          90       0.68      0.62      0.65       102
          91       0.51      0.55      0.53        51
          92       0.63      0.71      0.67        56
          93       0.40      0.56      0.46        52
          94       0.51      0.53      0.52        59
          95       0.33      0.36      0.34        56
          96       0.86      0.93      0.89        70
          97       0.22      0.30      0.25        50
          98       0.52      0.55      0.54        78
          99       0.43      0.36      0.39        92
         100       0.53      0.48      0.51        50
         101       0.72      0.58      0.64       109
         102       0.77      0.68      0.72       100
         103       0.86      0.75      0.81       110
         104       0.65      0.43      0.52        95
         105       0.60      0.58      0.59       113
         106       0.76      0.81      0.79       118
         107       0.86      0.72      0.79       119
         108       0.82      0.80      0.81        96
         109       0.87      0.83      0.85        58
         110       0.80      0.75      0.78        53
         111       0.71      0.63      0.67        81
         112       0.41      0.44      0.42        55
         113       0.25      0.27      0.26        51
         114       0.26      0.25      0.26        55
         115       0.23      0.15      0.18        59
         116       0.66      0.53      0.59        55
         117       0.60      0.70      0.64        56
         118       0.64      0.72      0.68        50
         119       0.70      0.80      0.74        69

    accuracy                           0.60      8580
   macro avg       0.58      0.59      0.59      8580
weighted avg       0.61      0.60      0.60      8580
