              precision    recall  f1-score   support

           0       0.29      0.86      0.44      1000
           1       0.63      0.35      0.45      1000
           2       0.47      0.64      0.54      1000
           3       0.44      0.40      0.42      1000
           4       0.63      0.45      0.53      1000
           5       0.62      0.30      0.41      1000
           6       0.63      0.54      0.58      1000
           7       0.79      0.43      0.55      1000
           8       0.57      0.68      0.62      1000
           9       0.84      0.40      0.54      1000

    accuracy                           0.50     10000
   macro avg       0.59      0.50      0.51     10000
weighted avg       0.59      0.50      0.51     10000
