              precision    recall  f1-score   support

           0       0.09      0.08      0.08        52
           1       0.31      0.22      0.26        85
           2       0.33      0.28      0.30       152
           3       0.12      0.24      0.16        49
           4       0.17      0.11      0.14       114
           5       0.48      0.38      0.42        88
           6       0.47      0.44      0.45        96
           7       0.27      0.32      0.29        72
           8       0.19      0.17      0.18        72
           9       0.30      0.20      0.24       139
          10       0.16      0.08      0.11        75
          11       0.18      0.15      0.16        95
          12       0.25      0.20      0.22        87
          13       0.30      0.10      0.15        71
          14       0.24      0.22      0.23        59
          15       0.15      0.15      0.15        53
          16       0.31      0.35      0.33        57
          17       0.12      0.15      0.13        48
          18       0.08      0.06      0.07        51
          19       0.29      0.06      0.10       118
          20       0.04      0.01      0.02        82
          21       0.04      0.02      0.03        87
          22       0.21      0.22      0.21        88
          23       0.18      0.28      0.22        96
          24       0.22      0.53      0.31        51
          25       0.13      0.07      0.09       100
          26       0.14      0.12      0.13       132
          27       0.25      0.32      0.28        60
          28       0.12      0.16      0.14        55
          29       0.00      0.00      0.00        64
          30       0.19      0.33      0.24        82
          31       0.19      0.36      0.25        72
          32       0.16      0.20      0.18        79
          33       0.11      0.12      0.11        69
          34       0.11      0.07      0.09        72
          35       0.20      0.24      0.22        85
          36       0.14      0.17      0.15        64
          37       0.07      0.19      0.11        57
          38       0.24      0.04      0.07        97
          39       0.28      0.17      0.21       102
          40       0.21      0.25      0.23       102
          41       0.15      0.20      0.17        97
          42       0.19      0.10      0.13        96
          43       0.19      0.14      0.16        80
          44       0.25      0.30      0.28        82
          45       0.10      0.17      0.13        54
          46       0.09      0.19      0.12        57
          47       0.11      0.09      0.10        55
          48       0.09      0.14      0.11        58
          49       0.31      0.25      0.27       106
          50       0.31      0.37      0.34        83
          51       0.07      0.09      0.08        56
          52       0.13      0.26      0.17        69
          53       0.20      0.10      0.14        86
          54       0.12      0.06      0.08        52
          55       0.07      0.12      0.09        51
          56       0.21      0.24      0.22        50
          57       0.16      0.08      0.11        71
          58       0.24      0.31      0.27        67
          59       0.22      0.17      0.19        52
          60       0.19      0.31      0.24        54
          61       0.24      0.08      0.12        61
          62       0.19      0.20      0.19        55
          63       0.19      0.26      0.22        53
          64       0.16      0.17      0.16        52
          65       0.24      0.28      0.26        50
          66       0.30      0.34      0.32        59
          67       0.29      0.20      0.24        50
          68       0.08      0.05      0.06        59
          69       0.30      0.37      0.33        51
          70       0.14      0.34      0.20        50
          71       0.07      0.12      0.09        50
          72       0.23      0.33      0.27        54
          73       0.14      0.22      0.17        50
          74       0.08      0.04      0.05        50
          75       0.08      0.15      0.10        52
          76       0.05      0.02      0.03        53
          77       0.36      0.44      0.40        54
          78       0.21      0.20      0.20        69
          79       0.28      0.30      0.29        57
          80       0.10      0.04      0.05        53
          81       0.12      0.18      0.14        50
          82       0.11      0.20      0.14        50
          83       0.11      0.19      0.14        52
          84       0.04      0.04      0.04        52
          85       0.09      0.14      0.11        50
          86       0.28      0.24      0.26        84
          87       0.18      0.22      0.20        68
          88       0.42      0.36      0.39       118
          89       0.11      0.12      0.11        51
          90       0.35      0.43      0.39       102
          91       0.07      0.08      0.07        51
          92       0.26      0.36      0.30        56
          93       0.14      0.19      0.17        52
          94       0.07      0.05      0.06        59
          95       0.06      0.04      0.04        56
          96       0.44      0.30      0.36        70
          97       0.03      0.04      0.03        50
          98       0.21      0.13      0.16        78
          99       0.22      0.20      0.21        92
         100       0.05      0.04      0.04        50
         101       0.34      0.22      0.27       109
         102       0.27      0.21      0.24       100
         103       0.39      0.31      0.35       110
         104       0.13      0.02      0.04        95
         105       0.20      0.08      0.11       113
         106       0.31      0.31      0.31       118
         107       0.42      0.49      0.45       119
         108       0.22      0.09      0.13        96
         109       0.26      0.60      0.37        58
         110       0.15      0.28      0.19        53
         111       0.33      0.40      0.36        81
         112       0.06      0.04      0.05        55
         113       0.12      0.04      0.06        51
         114       0.09      0.11      0.10        55
         115       0.00      0.00      0.00        59
         116       0.15      0.24      0.18        55
         117       0.16      0.12      0.14        56
         118       0.16      0.34      0.22        50
         119       0.35      0.20      0.26        69

    accuracy                           0.20      8580
   macro avg       0.19      0.19      0.18      8580
weighted avg       0.21      0.20      0.19      8580
