              precision    recall  f1-score   support

           0       0.89      0.87      0.88      1000
           1       0.93      0.94      0.94      1000
           2       0.80      0.83      0.82      1000
           3       0.74      0.77      0.75      1000
           4       0.86      0.88      0.87      1000
           5       0.84      0.78      0.80      1000
           6       0.89      0.92      0.90      1000
           7       0.93      0.88      0.90      1000
           8       0.93      0.94      0.93      1000
           9       0.93      0.92      0.92      1000

    accuracy                           0.87     10000
   macro avg       0.87      0.87      0.87     10000
weighted avg       0.87      0.87      0.87     10000
