              precision    recall  f1-score   support

           0       0.08      0.10      0.09        52
           1       0.17      0.18      0.17        85
           2       0.20      0.08      0.11       152
           3       0.19      0.18      0.19        49
           4       0.08      0.07      0.08       114
           5       0.26      0.28      0.27        88
           6       0.17      0.16      0.16        96
           7       0.09      0.15      0.12        72
           8       0.15      0.11      0.13        72
           9       0.20      0.10      0.13       139
          10       0.09      0.09      0.09        75
          11       0.15      0.08      0.11        95
          12       0.11      0.10      0.11        87
          13       0.15      0.10      0.12        71
          14       0.13      0.14      0.13        59
          15       0.08      0.13      0.10        53
          16       0.20      0.30      0.24        57
          17       0.16      0.17      0.16        48
          18       0.07      0.06      0.06        51
          19       0.11      0.07      0.08       118
          20       0.07      0.02      0.04        82
          21       0.05      0.05      0.05        87
          22       0.15      0.17      0.16        88
          23       0.20      0.27      0.23        96
          24       0.12      0.08      0.10        51
          25       0.09      0.08      0.08       100
          26       0.27      0.20      0.23       132
          27       0.06      0.05      0.06        60
          28       0.10      0.07      0.08        55
          29       0.03      0.02      0.02        64
          30       0.20      0.11      0.14        82
          31       0.11      0.19      0.14        72
          32       0.16      0.11      0.13        79
          33       0.04      0.03      0.03        69
          34       0.16      0.19      0.18        72
          35       0.05      0.06      0.05        85
          36       0.07      0.16      0.10        64
          37       0.08      0.09      0.08        57
          38       0.21      0.13      0.16        97
          39       0.36      0.21      0.26       102
          40       0.07      0.04      0.05       102
          41       0.05      0.06      0.06        97
          42       0.16      0.11      0.13        96
          43       0.17      0.19      0.18        80
          44       0.09      0.06      0.07        82
          45       0.08      0.15      0.11        54
          46       0.10      0.11      0.10        57
          47       0.09      0.05      0.07        55
          48       0.17      0.17      0.17        58
          49       0.19      0.15      0.17       106
          50       0.23      0.25      0.24        83
          51       0.08      0.16      0.11        56
          52       0.09      0.14      0.11        69
          53       0.07      0.06      0.06        86
          54       0.06      0.04      0.05        52
          55       0.10      0.12      0.11        51
          56       0.06      0.08      0.07        50
          57       0.04      0.06      0.05        71
          58       0.16      0.09      0.11        67
          59       0.24      0.17      0.20        52
          60       0.15      0.20      0.17        54
          61       0.01      0.02      0.01        61
          62       0.12      0.15      0.13        55
          63       0.21      0.21      0.21        53
          64       0.07      0.13      0.09        52
          65       0.15      0.28      0.19        50
          66       0.31      0.29      0.30        59
          67       0.17      0.34      0.23        50
          68       0.03      0.03      0.03        59
          69       0.31      0.33      0.32        51
          70       0.36      0.24      0.29        50
          71       0.10      0.08      0.09        50
          72       0.12      0.19      0.15        54
          73       0.16      0.28      0.20        50
          74       0.12      0.12      0.12        50
          75       0.05      0.06      0.05        52
          76       0.08      0.08      0.08        53
          77       0.58      0.33      0.42        54
          78       0.10      0.10      0.10        69
          79       0.23      0.26      0.24        57
          80       0.07      0.08      0.07        53
          81       0.08      0.18      0.11        50
          82       0.15      0.30      0.20        50
          83       0.18      0.21      0.19        52
          84       0.07      0.10      0.08        52
          85       0.15      0.30      0.20        50
          86       0.18      0.21      0.19        84
          87       0.22      0.24      0.23        68
          88       0.44      0.31      0.36       118
          89       0.11      0.22      0.15        51
          90       0.40      0.35      0.37       102
          91       0.09      0.08      0.08        51
          92       0.16      0.14      0.15        56
          93       0.08      0.17      0.11        52
          94       0.02      0.02      0.02        59
          95       0.05      0.05      0.05        56
          96       0.45      0.34      0.39        70
          97       0.02      0.04      0.03        50
          98       0.11      0.19      0.14        78
          99       0.10      0.12      0.11        92
         100       0.11      0.08      0.09        50
         101       0.20      0.08      0.12       109
         102       0.07      0.02      0.03       100
         103       0.43      0.41      0.42       110
         104       0.06      0.05      0.06        95
         105       0.08      0.04      0.06       113
         106       0.12      0.08      0.09       118
         107       0.27      0.20      0.23       119
         108       0.16      0.10      0.13        96
         109       0.18      0.19      0.18        58
         110       0.16      0.19      0.17        53
         111       0.23      0.28      0.25        81
         112       0.02      0.02      0.02        55
         113       0.06      0.06      0.06        51
         114       0.03      0.04      0.03        55
         115       0.03      0.02      0.02        59
         116       0.25      0.16      0.20        55
         117       0.15      0.14      0.15        56
         118       0.27      0.30      0.28        50
         119       0.30      0.45      0.36        69

    accuracy                           0.14      8580
   macro avg       0.15      0.15      0.14      8580
weighted avg       0.15      0.14      0.14      8580
