              precision    recall  f1-score   support

           0       0.21      0.23      0.22        52
           1       0.67      0.80      0.73        85
           2       0.70      0.58      0.64       152
           3       0.50      0.65      0.57        49
           4       0.53      0.36      0.43       114
           5       0.78      0.75      0.76        88
           6       0.77      0.75      0.76        96
           7       0.53      0.54      0.54        72
           8       0.25      0.25      0.25        72
           9       0.81      0.62      0.70       139
          10       0.41      0.41      0.41        75
          11       0.42      0.28      0.34        95
          12       0.55      0.51      0.53        87
          13       0.67      0.56      0.61        71
          14       0.38      0.44      0.41        59
          15       0.35      0.47      0.40        53
          16       0.44      0.53      0.48        57
          17       0.36      0.46      0.40        48
          18       0.21      0.31      0.25        51
          19       0.49      0.32      0.39       118
          20       0.37      0.32      0.34        82
          21       0.35      0.34      0.35        87
          22       0.57      0.64      0.60        88
          23       0.69      0.65      0.67        96
          24       0.38      0.61      0.47        51
          25       0.46      0.38      0.42       100
          26       0.66      0.47      0.55       132
          27       0.54      0.65      0.59        60
          28       0.26      0.27      0.27        55
          29       0.13      0.09      0.11        64
          30       0.68      0.66      0.67        82
          31       0.66      0.64      0.65        72
          32       0.56      0.61      0.59        79
          33       0.41      0.49      0.45        69
          34       0.41      0.43      0.42        72
          35       0.49      0.45      0.47        85
          36       0.35      0.41      0.37        64
          37       0.54      0.60      0.57        57
          38       0.51      0.33      0.40        97
          39       0.58      0.58      0.58       102
          40       0.63      0.57      0.60       102
          41       0.49      0.44      0.46        97
          42       0.54      0.47      0.50        96
          43       0.56      0.51      0.54        80
          44       0.62      0.65      0.63        82
          45       0.23      0.28      0.25        54
          46       0.24      0.35      0.29        57
          47       0.31      0.44      0.36        55
          48       0.52      0.62      0.57        58
          49       0.57      0.49      0.53       106
          50       0.56      0.53      0.54        83
          51       0.38      0.41      0.40        56
          52       0.44      0.58      0.50        69
          53       0.42      0.40      0.41        86
          54       0.42      0.50      0.46        52
          55       0.60      0.61      0.60        51
          56       0.50      0.66      0.57        50
          57       0.58      0.41      0.48        71
          58       0.47      0.51      0.49        67
          59       0.49      0.60      0.54        52
          60       0.44      0.65      0.53        54
          61       0.47      0.39      0.43        61
          62       0.63      0.69      0.66        55
          63       0.53      0.70      0.60        53
          64       0.41      0.50      0.45        52
          65       0.52      0.74      0.61        50
          66       0.62      0.59      0.61        59
          67       0.51      0.52      0.51        50
          68       0.42      0.34      0.37        59
          69       0.69      0.78      0.73        51
          70       0.56      0.54      0.55        50
          71       0.40      0.38      0.39        50
          72       0.51      0.61      0.55        54
          73       0.38      0.34      0.36        50
          74       0.51      0.56      0.53        50
          75       0.38      0.52      0.44        52
          76       0.23      0.23      0.23        53
          77       0.65      0.74      0.69        54
          78       0.55      0.68      0.61        69
          79       0.42      0.47      0.44        57
          80       0.34      0.40      0.37        53
          81       0.31      0.36      0.33        50
          82       0.43      0.46      0.45        50
          83       0.51      0.58      0.54        52
          84       0.47      0.52      0.50        52
          85       0.28      0.38      0.32        50
          86       0.61      0.54      0.57        84
          87       0.52      0.57      0.55        68
          88       0.74      0.61      0.67       118
          89       0.30      0.43      0.35        51
          90       0.66      0.60      0.63       102
          91       0.35      0.37      0.36        51
          92       0.63      0.57      0.60        56
          93       0.42      0.42      0.42        52
          94       0.46      0.41      0.43        59
          95       0.29      0.29      0.29        56
          96       0.85      0.91      0.88        70
          97       0.22      0.32      0.26        50
          98       0.44      0.45      0.44        78
          99       0.41      0.36      0.38        92
         100       0.43      0.40      0.41        50
         101       0.61      0.50      0.55       109
         102       0.69      0.62      0.65       100
         103       0.80      0.80      0.80       110
         104       0.44      0.36      0.40        95
         105       0.45      0.44      0.44       113
         106       0.68      0.64      0.66       118
         107       0.80      0.66      0.72       119
         108       0.79      0.65      0.71        96
         109       0.68      0.76      0.72        58
         110       0.81      0.66      0.73        53
         111       0.69      0.58      0.63        81
         112       0.40      0.38      0.39        55
         113       0.17      0.18      0.17        51
         114       0.30      0.24      0.26        55
         115       0.09      0.07      0.08        59
         116       0.58      0.64      0.61        55
         117       0.46      0.54      0.50        56
         118       0.59      0.66      0.62        50
         119       0.67      0.74      0.70        69

    accuracy                           0.51      8580
   macro avg       0.49      0.50      0.50      8580
weighted avg       0.52      0.51      0.51      8580
