              precision    recall  f1-score   support

           0       0.43      0.29      0.34        52
           1       0.77      0.84      0.80        85
           2       0.77      0.63      0.70       152
           3       0.67      0.73      0.70        49
           4       0.59      0.54      0.57       114
           5       0.88      0.86      0.87        88
           6       0.84      0.79      0.81        96
           7       0.61      0.57      0.59        72
           8       0.38      0.39      0.39        72
           9       0.90      0.79      0.84       139
          10       0.54      0.57      0.55        75
          11       0.61      0.55      0.58        95
          12       0.74      0.60      0.66        87
          13       0.70      0.76      0.73        71
          14       0.58      0.63      0.60        59
          15       0.35      0.43      0.39        53
          16       0.56      0.67      0.61        57
          17       0.40      0.48      0.43        48
          18       0.56      0.61      0.58        51
          19       0.63      0.48      0.55       118
          20       0.53      0.39      0.45        82
          21       0.44      0.38      0.41        87
          22       0.69      0.67      0.68        88
          23       0.76      0.78      0.77        96
          24       0.56      0.78      0.66        51
          25       0.66      0.60      0.63       100
          26       0.76      0.58      0.66       132
          27       0.63      0.78      0.70        60
          28       0.26      0.25      0.26        55
          29       0.51      0.28      0.36        64
          30       0.78      0.74      0.76        82
          31       0.64      0.75      0.69        72
          32       0.74      0.66      0.70        79
          33       0.55      0.59      0.57        69
          34       0.51      0.53      0.52        72
          35       0.66      0.55      0.60        85
          36       0.44      0.56      0.49        64
          37       0.73      0.70      0.71        57
          38       0.65      0.41      0.50        97
          39       0.68      0.77      0.72       102
          40       0.72      0.64      0.68       102
          41       0.61      0.59      0.60        97
          42       0.62      0.57      0.60        96
          43       0.61      0.65      0.63        80
          44       0.75      0.87      0.80        82
          45       0.43      0.50      0.46        54
          46       0.36      0.39      0.37        57
          47       0.52      0.53      0.52        55
          48       0.57      0.74      0.64        58
          49       0.64      0.55      0.59       106
          50       0.59      0.63      0.61        83
          51       0.55      0.50      0.52        56
          52       0.62      0.71      0.66        69
          53       0.49      0.52      0.51        86
          54       0.54      0.54      0.54        52
          55       0.52      0.65      0.57        51
          56       0.58      0.80      0.67        50
          57       0.59      0.49      0.54        71
          58       0.64      0.61      0.63        67
          59       0.77      0.69      0.73        52
          60       0.51      0.72      0.60        54
          61       0.63      0.61      0.62        61
          62       0.76      0.80      0.78        55
          63       0.66      0.81      0.73        53
          64       0.64      0.69      0.67        52
          65       0.75      0.82      0.78        50
          66       0.72      0.81      0.76        59
          67       0.59      0.66      0.62        50
          68       0.63      0.41      0.49        59
          69       0.69      0.86      0.77        51
          70       0.57      0.62      0.60        50
          71       0.46      0.56      0.50        50
          72       0.66      0.70      0.68        54
          73       0.63      0.74      0.68        50
          74       0.55      0.60      0.57        50
          75       0.54      0.63      0.58        52
          76       0.43      0.45      0.44        53
          77       0.68      0.80      0.74        54
          78       0.71      0.86      0.78        69
          79       0.70      0.56      0.62        57
          80       0.42      0.47      0.45        53
          81       0.45      0.58      0.51        50
          82       0.37      0.54      0.44        50
          83       0.59      0.81      0.68        52
          84       0.47      0.65      0.55        52
          85       0.48      0.50      0.49        50
          86       0.71      0.64      0.68        84
          87       0.60      0.66      0.63        68
          88       0.88      0.74      0.80       118
          89       0.34      0.47      0.40        51
          90       0.64      0.62      0.63       102
          91       0.54      0.59      0.56        51
          92       0.69      0.71      0.70        56
          93       0.48      0.65      0.55        52
          94       0.62      0.58      0.60        59
          95       0.36      0.45      0.40        56
          96       0.91      0.96      0.93        70
          97       0.24      0.38      0.29        50
          98       0.56      0.59      0.57        78
          99       0.45      0.29      0.36        92
         100       0.64      0.50      0.56        50
         101       0.79      0.56      0.66       109
         102       0.83      0.73      0.78       100
         103       0.84      0.86      0.85       110
         104       0.60      0.49      0.54        95
         105       0.60      0.66      0.63       113
         106       0.77      0.73      0.75       118
         107       0.88      0.71      0.79       119
         108       0.86      0.82      0.84        96
         109       0.84      0.91      0.88        58
         110       0.85      0.75      0.80        53
         111       0.72      0.69      0.70        81
         112       0.60      0.44      0.51        55
         113       0.32      0.31      0.32        51
         114       0.27      0.24      0.25        55
         115       0.20      0.15      0.17        59
         116       0.78      0.65      0.71        55
         117       0.62      0.73      0.67        56
         118       0.76      0.88      0.81        50
         119       0.78      0.87      0.82        69

    accuracy                           0.63      8580
   macro avg       0.61      0.62      0.61      8580
weighted avg       0.63      0.63      0.62      8580
