              precision    recall  f1-score   support

           0       0.34      0.27      0.30        52
           1       0.75      0.81      0.78        85
           2       0.79      0.63      0.70       152
           3       0.68      0.73      0.71        49
           4       0.61      0.50      0.55       114
           5       0.87      0.81      0.84        88
           6       0.86      0.79      0.83        96
           7       0.63      0.61      0.62        72
           8       0.43      0.40      0.42        72
           9       0.87      0.73      0.79       139
          10       0.57      0.56      0.56        75
          11       0.61      0.57      0.59        95
          12       0.74      0.55      0.63        87
          13       0.70      0.66      0.68        71
          14       0.57      0.66      0.61        59
          15       0.44      0.36      0.40        53
          16       0.55      0.61      0.58        57
          17       0.38      0.44      0.41        48
          18       0.62      0.51      0.56        51
          19       0.60      0.43      0.50       118
          20       0.49      0.34      0.40        82
          21       0.45      0.45      0.45        87
          22       0.73      0.75      0.74        88
          23       0.78      0.85      0.82        96
          24       0.58      0.78      0.67        51
          25       0.65      0.44      0.52       100
          26       0.69      0.58      0.63       132
          27       0.72      0.77      0.74        60
          28       0.33      0.35      0.34        55
          29       0.43      0.34      0.38        64
          30       0.84      0.79      0.82        82
          31       0.70      0.81      0.75        72
          32       0.73      0.61      0.66        79
          33       0.58      0.62      0.60        69
          34       0.53      0.47      0.50        72
          35       0.58      0.64      0.61        85
          36       0.42      0.52      0.46        64
          37       0.70      0.68      0.69        57
          38       0.62      0.46      0.53        97
          39       0.72      0.75      0.73       102
          40       0.77      0.70      0.73       102
          41       0.59      0.57      0.58        97
          42       0.64      0.60      0.62        96
          43       0.63      0.65      0.64        80
          44       0.74      0.84      0.79        82
          45       0.40      0.44      0.42        54
          46       0.43      0.53      0.48        57
          47       0.54      0.51      0.52        55
          48       0.57      0.71      0.63        58
          49       0.58      0.57      0.57       106
          50       0.54      0.57      0.55        83
          51       0.53      0.50      0.51        56
          52       0.62      0.72      0.67        69
          53       0.52      0.52      0.52        86
          54       0.56      0.54      0.55        52
          55       0.57      0.71      0.63        51
          56       0.62      0.66      0.64        50
          57       0.63      0.51      0.56        71
          58       0.59      0.61      0.60        67
          59       0.65      0.67      0.66        52
          60       0.56      0.78      0.65        54
          61       0.62      0.62      0.62        61
          62       0.67      0.76      0.71        55
          63       0.76      0.74      0.75        53
          64       0.65      0.63      0.64        52
          65       0.72      0.84      0.78        50
          66       0.62      0.81      0.71        59
          67       0.55      0.66      0.60        50
          68       0.58      0.42      0.49        59
          69       0.73      0.88      0.80        51
          70       0.51      0.64      0.57        50
          71       0.52      0.68      0.59        50
          72       0.56      0.74      0.63        54
          73       0.63      0.64      0.63        50
          74       0.59      0.70      0.64        50
          75       0.43      0.60      0.50        52
          76       0.43      0.47      0.45        53
          77       0.78      0.80      0.79        54
          78       0.65      0.77      0.71        69
          79       0.69      0.61      0.65        57
          80       0.44      0.49      0.46        53
          81       0.54      0.56      0.55        50
          82       0.41      0.48      0.44        50
          83       0.48      0.85      0.61        52
          84       0.52      0.63      0.57        52
          85       0.44      0.38      0.41        50
          86       0.66      0.65      0.66        84
          87       0.62      0.69      0.65        68
          88       0.89      0.70      0.79       118
          89       0.33      0.57      0.41        51
          90       0.74      0.66      0.70       102
          91       0.54      0.63      0.58        51
          92       0.59      0.70      0.64        56
          93       0.46      0.63      0.54        52
          94       0.70      0.63      0.66        59
          95       0.39      0.38      0.38        56
          96       0.86      0.94      0.90        70
          97       0.28      0.38      0.32        50
          98       0.54      0.49      0.51        78
          99       0.48      0.49      0.49        92
         100       0.53      0.48      0.51        50
         101       0.81      0.61      0.70       109
         102       0.69      0.66      0.68       100
         103       0.88      0.77      0.82       110
         104       0.61      0.45      0.52        95
         105       0.62      0.59      0.61       113
         106       0.74      0.81      0.77       118
         107       0.87      0.75      0.81       119
         108       0.80      0.78      0.79        96
         109       0.86      0.95      0.90        58
         110       0.75      0.75      0.75        53
         111       0.72      0.69      0.70        81
         112       0.45      0.45      0.45        55
         113       0.35      0.45      0.39        51
         114       0.35      0.31      0.33        55
         115       0.31      0.15      0.20        59
         116       0.67      0.64      0.65        55
         117       0.60      0.70      0.64        56
         118       0.68      0.78      0.73        50
         119       0.66      0.83      0.74        69

    accuracy                           0.62      8580
   macro avg       0.61      0.62      0.61      8580
weighted avg       0.63      0.62      0.62      8580
