              precision    recall  f1-score   support

           0       0.56      0.65      0.60      1000
           1       0.64      0.63      0.64      1000
           2       0.43      0.42      0.42      1000
           3       0.39      0.33      0.36      1000
           4       0.49      0.43      0.46      1000
           5       0.49      0.51      0.50      1000
           6       0.58      0.63      0.60      1000
           7       0.60      0.60      0.60      1000
           8       0.62      0.69      0.65      1000
           9       0.65      0.58      0.61      1000

    accuracy                           0.55     10000
   macro avg       0.54      0.55      0.54     10000
weighted avg       0.54      0.55      0.54     10000
