              precision    recall  f1-score   support

           0       0.52      0.54      0.53        52
           1       0.80      0.82      0.81        85
           2       0.85      0.71      0.77       152
           3       0.74      0.80      0.76        49
           4       0.68      0.58      0.63       114
           5       0.85      0.86      0.86        88
           6       0.82      0.88      0.85        96
           7       0.70      0.72      0.71        72
           8       0.57      0.50      0.53        72
           9       0.94      0.92      0.93       139
          10       0.79      0.73      0.76        75
          11       0.65      0.58      0.61        95
          12       0.78      0.66      0.71        87
          13       0.77      0.72      0.74        71
          14       0.64      0.71      0.67        59
          15       0.50      0.49      0.50        53
          16       0.52      0.72      0.60        57
          17       0.43      0.62      0.51        48
          18       0.72      0.67      0.69        51
          19       0.76      0.61      0.68       118
          20       0.63      0.52      0.57        82
          21       0.73      0.62      0.67        87
          22       0.82      0.82      0.82        88
          23       0.89      0.94      0.91        96
          24       0.53      0.76      0.63        51
          25       0.92      0.67      0.77       100
          26       0.75      0.67      0.71       132
          27       0.80      0.82      0.81        60
          28       0.51      0.55      0.53        55
          29       0.47      0.42      0.45        64
          30       0.80      0.80      0.80        82
          31       0.78      0.88      0.82        72
          32       0.79      0.57      0.66        79
          33       0.56      0.65      0.60        69
          34       0.57      0.71      0.63        72
          35       0.81      0.61      0.70        85
          36       0.43      0.59      0.50        64
          37       0.71      0.81      0.75        57
          38       0.77      0.51      0.61        97
          39       0.81      0.70      0.75       102
          40       0.75      0.70      0.72       102
          41       0.78      0.70      0.74        97
          42       0.66      0.64      0.65        96
          43       0.74      0.61      0.67        80
          44       0.84      0.80      0.82        82
          45       0.54      0.54      0.54        54
          46       0.50      0.60      0.54        57
          47       0.53      0.56      0.55        55
          48       0.65      0.71      0.68        58
          49       0.61      0.64      0.63       106
          50       0.60      0.59      0.60        83
          51       0.48      0.55      0.52        56
          52       0.72      0.78      0.75        69
          53       0.47      0.49      0.48        86
          54       0.66      0.77      0.71        52
          55       0.69      0.82      0.75        51
          56       0.69      0.84      0.76        50
          57       0.75      0.66      0.70        71
          58       0.77      0.70      0.73        67
          59       0.86      0.81      0.83        52
          60       0.69      0.83      0.76        54
          61       0.75      0.72      0.73        61
          62       0.88      0.89      0.88        55
          63       0.84      0.81      0.83        53
          64       0.54      0.73      0.62        52
          65       0.75      0.92      0.83        50
          66       0.84      0.78      0.81        59
          67       0.79      0.76      0.78        50
          68       0.68      0.51      0.58        59
          69       0.90      0.88      0.89        51
          70       0.60      0.70      0.65        50
          71       0.52      0.66      0.58        50
          72       0.71      0.83      0.77        54
          73       0.84      0.96      0.90        50
          74       0.54      0.80      0.65        50
          75       0.56      0.65      0.60        52
          76       0.66      0.58      0.62        53
          77       0.81      0.85      0.83        54
          78       0.68      0.81      0.74        69
          79       0.68      0.56      0.62        57
          80       0.56      0.58      0.57        53
          81       0.55      0.72      0.63        50
          82       0.46      0.60      0.52        50
          83       0.74      0.92      0.82        52
          84       0.68      0.58      0.62        52
          85       0.72      0.56      0.63        50
          86       0.74      0.82      0.78        84
          87       0.79      0.71      0.74        68
          88       0.89      0.79      0.84       118
          89       0.49      0.67      0.57        51
          90       0.74      0.79      0.77       102
          91       0.67      0.63      0.65        51
          92       0.74      0.70      0.72        56
          93       0.65      0.77      0.70        52
          94       0.67      0.73      0.70        59
          95       0.57      0.57      0.57        56
          96       0.91      0.97      0.94        70
          97       0.29      0.58      0.38        50
          98       0.68      0.49      0.57        78
          99       0.52      0.39      0.45        92
         100       0.67      0.78      0.72        50
         101       0.80      0.60      0.68       109
         102       0.82      0.80      0.81       100
         103       0.90      0.85      0.87       110
         104       0.76      0.64      0.70        95
         105       0.72      0.62      0.67       113
         106       0.82      0.83      0.82       118
         107       0.90      0.80      0.85       119
         108       0.88      0.92      0.90        96
         109       0.86      0.93      0.89        58
         110       0.66      0.75      0.70        53
         111       0.80      0.64      0.71        81
         112       0.57      0.60      0.58        55
         113       0.41      0.51      0.46        51
         114       0.33      0.38      0.35        55
         115       0.61      0.42      0.50        59
         116       0.74      0.71      0.72        55
         117       0.62      0.75      0.68        56
         118       0.85      0.88      0.86        50
         119       0.83      0.90      0.86        69

    accuracy                           0.70      8580
   macro avg       0.69      0.70      0.69      8580
weighted avg       0.71      0.70      0.70      8580
