              precision    recall  f1-score   support

           0       0.02      0.06      0.03        52
           1       0.12      0.12      0.12        85
           2       0.14      0.19      0.16       152
           3       0.01      0.02      0.02        49
           4       0.06      0.02      0.03       114
           5       0.09      0.12      0.10        88
           6       0.08      0.09      0.09        96
           7       0.04      0.04      0.04        72
           8       0.09      0.03      0.04        72
           9       0.09      0.02      0.03       139
          10       0.00      0.00      0.00        75
          11       0.12      0.06      0.08        95
          12       0.08      0.06      0.07        87
          13       0.10      0.11      0.10        71
          14       0.12      0.24      0.16        59
          15       0.00      0.00      0.00        53
          16       0.05      0.02      0.03        57
          17       0.08      0.15      0.10        48
          18       0.07      0.06      0.07        51
          19       0.12      0.05      0.07       118
          20       0.06      0.06      0.06        82
          21       0.25      0.01      0.02        87
          22       0.06      0.08      0.07        88
          23       0.00      0.00      0.00        96
          24       0.00      0.00      0.00        51
          25       0.07      0.03      0.04       100
          26       0.18      0.18      0.18       132
          27       0.03      0.02      0.02        60
          28       0.00      0.00      0.00        55
          29       0.00      0.00      0.00        64
          30       0.00      0.00      0.00        82
          31       0.09      0.12      0.10        72
          32       0.16      0.18      0.17        79
          33       0.08      0.17      0.11        69
          34       0.10      0.10      0.10        72
          35       0.00      0.00      0.00        85
          36       0.08      0.17      0.10        64
          37       0.04      0.07      0.05        57
          38       0.02      0.02      0.02        97
          39       0.06      0.04      0.05       102
          40       0.15      0.04      0.06       102
          41       0.13      0.04      0.06        97
          42       0.08      0.09      0.09        96
          43       0.07      0.05      0.06        80
          44       0.08      0.24      0.13        82
          45       0.06      0.04      0.05        54
          46       0.00      0.00      0.00        57
          47       0.03      0.02      0.02        55
          48       0.05      0.10      0.06        58
          49       0.08      0.07      0.07       106
          50       0.13      0.19      0.16        83
          51       0.03      0.04      0.03        56
          52       0.07      0.07      0.07        69
          53       0.07      0.17      0.10        86
          54       0.03      0.04      0.04        52
          55       0.07      0.18      0.10        51
          56       0.02      0.04      0.03        50
          57       0.00      0.00      0.00        71
          58       0.07      0.04      0.05        67
          59       0.02      0.02      0.02        52
          60       0.07      0.09      0.08        54
          61       0.00      0.00      0.00        61
          62       0.08      0.24      0.12        55
          63       0.13      0.25      0.17        53
          64       0.00      0.00      0.00        52
          65       0.06      0.04      0.05        50
          66       0.03      0.02      0.02        59
          67       0.03      0.06      0.04        50
          68       0.00      0.00      0.00        59
          69       0.06      0.08      0.07        51
          70       0.09      0.14      0.11        50
          71       0.04      0.08      0.06        50
          72       0.06      0.19      0.09        54
          73       0.05      0.04      0.04        50
          74       0.00      0.00      0.00        50
          75       0.09      0.04      0.05        52
          76       0.00      0.00      0.00        53
          77       0.08      0.22      0.12        54
          78       0.03      0.01      0.02        69
          79       0.06      0.02      0.03        57
          80       0.00      0.00      0.00        53
          81       0.08      0.14      0.10        50
          82       0.05      0.22      0.09        50
          83       0.03      0.04      0.03        52
          84       0.00      0.00      0.00        52
          85       0.03      0.02      0.02        50
          86       0.09      0.18      0.12        84
          87       0.05      0.01      0.02        68
          88       0.07      0.02      0.03       118
          89       0.08      0.25      0.12        51
          90       0.18      0.16      0.17       102
          91       0.12      0.02      0.03        51
          92       0.09      0.09      0.09        56
          93       0.00      0.00      0.00        52
          94       0.04      0.05      0.05        59
          95       0.00      0.00      0.00        56
          96       0.08      0.09      0.08        70
          97       0.03      0.04      0.04        50
          98       0.00      0.00      0.00        78
          99       0.08      0.04      0.06        92
         100       0.12      0.14      0.13        50
         101       0.12      0.13      0.12       109
         102       0.03      0.03      0.03       100
         103       0.16      0.12      0.13       110
         104       0.02      0.01      0.01        95
         105       0.25      0.05      0.09       113
         106       0.18      0.08      0.11       118
         107       0.10      0.19      0.13       119
         108       0.05      0.02      0.03        96
         109       0.09      0.10      0.10        58
         110       0.10      0.15      0.12        53
         111       0.05      0.05      0.05        81
         112       0.00      0.00      0.00        55
         113       0.01      0.02      0.01        51
         114       0.06      0.05      0.06        55
         115       0.00      0.00      0.00        59
         116       0.06      0.05      0.06        55
         117       0.03      0.07      0.05        56
         118       0.07      0.16      0.10        50
         119       0.00      0.00      0.00        69

    accuracy                           0.07      8580
   macro avg       0.06      0.07      0.06      8580
weighted avg       0.07      0.07      0.06      8580
