              precision    recall  f1-score   support

           0       0.39      0.37      0.38        52
           1       0.64      0.69      0.67        85
           2       0.64      0.45      0.53       152
           3       0.44      0.49      0.46        49
           4       0.43      0.40      0.42       114
           5       0.71      0.72      0.71        88
           6       0.79      0.61      0.69        96
           7       0.54      0.47      0.50        72
           8       0.26      0.26      0.26        72
           9       0.65      0.52      0.58       139
          10       0.37      0.36      0.36        75
          11       0.36      0.31      0.33        95
          12       0.60      0.43      0.50        87
          13       0.57      0.32      0.41        71
          14       0.38      0.51      0.44        59
          15       0.21      0.30      0.24        53
          16       0.33      0.53      0.41        57
          17       0.30      0.46      0.36        48
          18       0.38      0.33      0.35        51
          19       0.53      0.39      0.45       118
          20       0.27      0.17      0.21        82
          21       0.32      0.24      0.28        87
          22       0.60      0.52      0.56        88
          23       0.59      0.64      0.61        96
          24       0.36      0.53      0.43        51
          25       0.51      0.31      0.39       100
          26       0.54      0.49      0.52       132
          27       0.42      0.67      0.52        60
          28       0.25      0.33      0.28        55
          29       0.15      0.14      0.15        64
          30       0.59      0.61      0.60        82
          31       0.49      0.69      0.57        72
          32       0.39      0.37      0.38        79
          33       0.39      0.35      0.37        69
          34       0.22      0.24      0.23        72
          35       0.32      0.35      0.33        85
          36       0.28      0.45      0.35        64
          37       0.27      0.42      0.33        57
          38       0.26      0.15      0.19        97
          39       0.64      0.52      0.57       102
          40       0.49      0.42      0.46       102
          41       0.40      0.38      0.39        97
          42       0.24      0.22      0.23        96
          43       0.41      0.47      0.44        80
          44       0.60      0.62      0.61        82
          45       0.31      0.30      0.30        54
          46       0.31      0.37      0.34        57
          47       0.27      0.33      0.30        55
          48       0.42      0.33      0.37        58
          49       0.41      0.25      0.31       106
          50       0.38      0.34      0.36        83
          51       0.24      0.27      0.25        56
          52       0.34      0.51      0.40        69
          53       0.40      0.31      0.35        86
          54       0.33      0.35      0.34        52
          55       0.42      0.53      0.47        51
          56       0.32      0.42      0.36        50
          57       0.35      0.35      0.35        71
          58       0.55      0.40      0.47        67
          59       0.67      0.54      0.60        52
          60       0.63      0.59      0.61        54
          61       0.36      0.33      0.34        61
          62       0.52      0.58      0.55        55
          63       0.46      0.60      0.52        53
          64       0.48      0.52      0.50        52
          65       0.59      0.60      0.59        50
          66       0.74      0.66      0.70        59
          67       0.46      0.44      0.45        50
          68       0.36      0.34      0.35        59
          69       0.54      0.65      0.59        51
          70       0.51      0.42      0.46        50
          71       0.27      0.52      0.36        50
          72       0.46      0.63      0.53        54
          73       0.51      0.46      0.48        50
          74       0.48      0.58      0.52        50
          75       0.30      0.52      0.38        52
          76       0.19      0.19      0.19        53
          77       0.62      0.67      0.64        54
          78       0.50      0.59      0.54        69
          79       0.59      0.42      0.49        57
          80       0.40      0.40      0.40        53
          81       0.36      0.54      0.43        50
          82       0.25      0.42      0.31        50
          83       0.38      0.48      0.42        52
          84       0.25      0.25      0.25        52
          85       0.29      0.28      0.29        50
          86       0.57      0.63      0.60        84
          87       0.42      0.41      0.41        68
          88       0.71      0.56      0.63       118
          89       0.27      0.49      0.34        51
          90       0.49      0.58      0.53       102
          91       0.32      0.35      0.33        51
          92       0.46      0.64      0.53        56
          93       0.29      0.29      0.29        52
          94       0.35      0.41      0.38        59
          95       0.27      0.20      0.23        56
          96       0.77      0.83      0.80        70
          97       0.07      0.08      0.08        50
          98       0.39      0.45      0.42        78
          99       0.35      0.25      0.29        92
         100       0.33      0.38      0.35        50
         101       0.62      0.38      0.47       109
         102       0.61      0.33      0.43       100
         103       0.76      0.64      0.69       110
         104       0.43      0.24      0.31        95
         105       0.48      0.38      0.43       113
         106       0.64      0.69      0.66       118
         107       0.85      0.59      0.70       119
         108       0.53      0.57      0.55        96
         109       0.66      0.76      0.70        58
         110       0.48      0.62      0.54        53
         111       0.57      0.60      0.59        81
         112       0.34      0.36      0.35        55
         113       0.25      0.27      0.26        51
         114       0.14      0.18      0.16        55
         115       0.11      0.10      0.11        59
         116       0.50      0.45      0.48        55
         117       0.47      0.46      0.47        56
         118       0.48      0.50      0.49        50
         119       0.59      0.65      0.62        69

    accuracy                           0.44      8580
   macro avg       0.44      0.44      0.43      8580
weighted avg       0.46      0.44      0.44      8580
