              precision    recall  f1-score   support

           0       0.67      0.60      0.63        52
           1       0.81      0.84      0.82        85
           2       0.80      0.70      0.75       152
           3       0.72      0.78      0.75        49
           4       0.65      0.60      0.62       114
           5       0.88      0.85      0.87        88
           6       0.90      0.88      0.89        96
           7       0.72      0.69      0.71        72
           8       0.55      0.54      0.55        72
           9       0.98      0.88      0.93       139
          10       0.70      0.63      0.66        75
          11       0.71      0.63      0.67        95
          12       0.83      0.67      0.74        87
          13       0.77      0.72      0.74        71
          14       0.61      0.69      0.65        59
          15       0.49      0.47      0.48        53
          16       0.57      0.70      0.63        57
          17       0.47      0.60      0.53        48
          18       0.73      0.71      0.72        51
          19       0.74      0.64      0.68       118
          20       0.63      0.52      0.57        82
          21       0.52      0.54      0.53        87
          22       0.81      0.86      0.84        88
          23       0.83      0.93      0.88        96
          24       0.53      0.82      0.64        51
          25       0.89      0.77      0.82       100
          26       0.75      0.77      0.76       132
          27       0.78      0.78      0.78        60
          28       0.48      0.60      0.53        55
          29       0.56      0.47      0.51        64
          30       0.85      0.83      0.84        82
          31       0.72      0.88      0.79        72
          32       0.71      0.62      0.66        79
          33       0.59      0.70      0.64        69
          34       0.52      0.62      0.57        72
          35       0.76      0.68      0.72        85
          36       0.56      0.66      0.60        64
          37       0.63      0.70      0.67        57
          38       0.69      0.47      0.56        97
          39       0.74      0.73      0.73       102
          40       0.72      0.75      0.73       102
          41       0.66      0.62      0.64        97
          42       0.64      0.52      0.57        96
          43       0.77      0.78      0.77        80
          44       0.86      0.82      0.84        82
          45       0.61      0.52      0.56        54
          46       0.55      0.67      0.60        57
          47       0.61      0.67      0.64        55
          48       0.69      0.71      0.70        58
          49       0.67      0.66      0.66       106
          50       0.66      0.63      0.64        83
          51       0.59      0.64      0.62        56
          52       0.63      0.74      0.68        69
          53       0.51      0.50      0.50        86
          54       0.61      0.83      0.70        52
          55       0.71      0.80      0.75        51
          56       0.63      0.86      0.73        50
          57       0.82      0.58      0.68        71
          58       0.66      0.73      0.70        67
          59       0.76      0.75      0.76        52
          60       0.70      0.81      0.75        54
          61       0.72      0.69      0.71        61
          62       0.82      0.82      0.82        55
          63       0.80      0.81      0.80        53
          64       0.68      0.77      0.72        52
          65       0.73      0.88      0.80        50
          66       0.89      0.81      0.85        59
          67       0.74      0.80      0.77        50
          68       0.75      0.51      0.61        59
          69       0.92      0.86      0.89        51
          70       0.63      0.74      0.68        50
          71       0.47      0.72      0.57        50
          72       0.71      0.85      0.77        54
          73       0.81      0.88      0.85        50
          74       0.71      0.84      0.77        50
          75       0.59      0.71      0.64        52
          76       0.70      0.58      0.64        53
          77       0.84      0.87      0.85        54
          78       0.78      0.88      0.83        69
          79       0.70      0.68      0.69        57
          80       0.59      0.43      0.50        53
          81       0.58      0.64      0.61        50
          82       0.41      0.52      0.46        50
          83       0.71      0.79      0.75        52
          84       0.67      0.56      0.61        52
          85       0.57      0.70      0.63        50
          86       0.77      0.77      0.77        84
          87       0.74      0.78      0.76        68
          88       0.90      0.86      0.88       118
          89       0.51      0.73      0.60        51
          90       0.79      0.74      0.76       102
          91       0.67      0.69      0.68        51
          92       0.76      0.79      0.77        56
          93       0.60      0.75      0.67        52
          94       0.80      0.73      0.76        59
          95       0.58      0.50      0.54        56
          96       0.93      0.96      0.94        70
          97       0.31      0.44      0.36        50
          98       0.67      0.58      0.62        78
          99       0.61      0.47      0.53        92
         100       0.65      0.70      0.67        50
         101       0.81      0.61      0.70       109
         102       0.88      0.72      0.79       100
         103       0.84      0.82      0.83       110
         104       0.68      0.62      0.65        95
         105       0.79      0.70      0.74       113
         106       0.88      0.83      0.85       118
         107       0.90      0.79      0.84       119
         108       0.84      0.84      0.84        96
         109       0.87      0.93      0.90        58
         110       0.73      0.85      0.78        53
         111       0.82      0.65      0.73        81
         112       0.58      0.58      0.58        55
         113       0.43      0.45      0.44        51
         114       0.35      0.33      0.34        55
         115       0.56      0.49      0.52        59
         116       0.76      0.76      0.76        55
         117       0.63      0.75      0.68        56
         118       0.79      0.84      0.82        50
         119       0.83      0.86      0.84        69

    accuracy                           0.71      8580
   macro avg       0.70      0.70      0.70      8580
weighted avg       0.72      0.71      0.71      8580
