              precision    recall  f1-score   support

           0       0.91      0.92      0.91      1000
           1       0.94      0.97      0.95      1000
           2       0.86      0.87      0.86      1000
           3       0.84      0.78      0.81      1000
           4       0.90      0.91      0.91      1000
           5       0.84      0.87      0.85      1000
           6       0.92      0.93      0.93      1000
           7       0.94      0.92      0.93      1000
           8       0.95      0.94      0.94      1000
           9       0.95      0.93      0.94      1000

    accuracy                           0.90     10000
   macro avg       0.90      0.90      0.90     10000
weighted avg       0.90      0.90      0.90     10000
