              precision    recall  f1-score   support

           0       0.00      0.00      0.00        52
           1       0.11      0.44      0.18        85
           2       0.13      0.19      0.15       152
           3       0.00      0.00      0.00        49
           4       0.00      0.00      0.00       114
           5       0.12      0.51      0.20        88
           6       0.12      0.10      0.11        96
           7       0.00      0.00      0.00        72
           8       0.06      0.03      0.04        72
           9       0.00      0.00      0.00       139
          10       0.04      0.01      0.02        75
          11       0.05      0.02      0.03        95
          12       0.00      0.00      0.00        87
          13       0.20      0.01      0.03        71
          14       0.22      0.03      0.06        59
          15       0.02      0.11      0.04        53
          16       0.00      0.00      0.00        57
          17       0.00      0.00      0.00        48
          18       0.00      0.00      0.00        51
          19       0.00      0.00      0.00       118
          20       0.00      0.00      0.00        82
          21       0.05      0.07      0.06        87
          22       0.00      0.00      0.00        88
          23       0.50      0.01      0.02        96
          24       0.10      0.33      0.15        51
          25       0.00      0.00      0.00       100
          26       0.00      0.00      0.00       132
          27       0.00      0.00      0.00        60
          28       0.00      0.00      0.00        55
          29       0.00      0.00      0.00        64
          30       0.20      0.01      0.02        82
          31       0.06      0.10      0.07        72
          32       0.00      0.00      0.00        79
          33       0.00      0.00      0.00        69
          34       0.12      0.11      0.12        72
          35       0.00      0.00      0.00        85
          36       0.03      0.08      0.04        64
          37       0.00      0.00      0.00        57
          38       0.05      0.01      0.02        97
          39       0.12      0.48      0.20       102
          40       0.20      0.01      0.02       102
          41       0.00      0.00      0.00        97
          42       0.00      0.00      0.00        96
          43       0.00      0.00      0.00        80
          44       0.14      0.01      0.02        82
          45       0.04      0.11      0.06        54
          46       0.07      0.04      0.05        57
          47       0.00      0.00      0.00        55
          48       0.04      0.03      0.04        58
          49       0.00      0.00      0.00       106
          50       0.00      0.00      0.00        83
          51       0.00      0.00      0.00        56
          52       0.00      0.00      0.00        69
          53       0.00      0.00      0.00        86
          54       0.00      0.00      0.00        52
          55       0.03      0.02      0.02        51
          56       0.14      0.04      0.06        50
          57       0.00      0.00      0.00        71
          58       0.00      0.00      0.00        67
          59       0.03      0.02      0.02        52
          60       0.10      0.31      0.15        54
          61       0.03      0.02      0.02        61
          62       0.07      0.13      0.09        55
          63       0.12      0.13      0.13        53
          64       0.03      0.21      0.05        52
          65       0.03      0.24      0.05        50
          66       0.03      0.49      0.06        59
          67       0.05      0.26      0.08        50
          68       0.00      0.00      0.00        59
          69       0.05      0.06      0.06        51
          70       0.09      0.36      0.14        50
          71       0.03      0.02      0.02        50
          72       0.08      0.09      0.09        54
          73       0.00      0.00      0.00        50
          74       0.03      0.02      0.02        50
          75       0.00      0.00      0.00        52
          76       0.00      0.00      0.00        53
          77       0.17      0.13      0.15        54
          78       0.08      0.03      0.04        69
          79       0.03      0.25      0.06        57
          80       0.00      0.00      0.00        53
          81       0.00      0.00      0.00        50
          82       0.00      0.00      0.00        50
          83       0.10      0.08      0.09        52
          84       0.06      0.15      0.08        52
          85       0.00      0.00      0.00        50
          86       0.09      0.17      0.12        84
          87       0.03      0.03      0.03        68
          88       0.20      0.12      0.15       118
          89       0.07      0.12      0.08        51
          90       0.20      0.06      0.09       102
          91       0.00      0.00      0.00        51
          92       0.00      0.00      0.00        56
          93       0.10      0.02      0.03        52
          94       0.00      0.00      0.00        59
          95       0.00      0.00      0.00        56
          96       0.12      0.31      0.18        70
          97       0.03      0.02      0.02        50
          98       0.03      0.04      0.03        78
          99       0.07      0.08      0.07        92
         100       0.06      0.24      0.10        50
         101       0.22      0.05      0.08       109
         102       0.00      0.00      0.00       100
         103       1.00      0.01      0.02       110
         104       0.00      0.00      0.00        95
         105       0.18      0.02      0.03       113
         106       0.12      0.04      0.06       118
         107       0.10      0.21      0.13       119
         108       0.00      0.00      0.00        96
         109       0.00      0.00      0.00        58
         110       0.33      0.06      0.10        53
         111       0.03      0.01      0.02        81
         112       0.01      0.02      0.02        55
         113       0.00      0.00      0.00        51
         114       0.00      0.00      0.00        55
         115       0.00      0.00      0.00        59
         116       0.15      0.07      0.10        55
         117       0.04      0.18      0.06        56
         118       0.09      0.22      0.13        50
         119       0.12      0.19      0.14        69

    accuracy                           0.07      8580
   macro avg       0.06      0.07      0.04      8580
weighted avg       0.07      0.07      0.04      8580
