              precision    recall  f1-score   support

           0       0.59      0.56      0.57        52
           1       0.85      0.86      0.85        85
           2       0.84      0.76      0.80       152
           3       0.63      0.67      0.65        49
           4       0.63      0.56      0.60       114
           5       0.86      0.81      0.83        88
           6       0.91      0.86      0.89        96
           7       0.63      0.61      0.62        72
           8       0.49      0.47      0.48        72
           9       0.94      0.81      0.87       139
          10       0.71      0.61      0.66        75
          11       0.69      0.62      0.65        95
          12       0.78      0.61      0.68        87
          13       0.70      0.69      0.70        71
          14       0.70      0.64      0.67        59
          15       0.47      0.57      0.51        53
          16       0.49      0.63      0.55        57
          17       0.54      0.58      0.56        48
          18       0.75      0.71      0.73        51
          19       0.81      0.52      0.63       118
          20       0.62      0.68      0.65        82
          21       0.68      0.51      0.58        87
          22       0.78      0.83      0.80        88
          23       0.84      0.88      0.86        96
          24       0.57      0.84      0.68        51
          25       0.78      0.61      0.69       100
          26       0.74      0.77      0.75       132
          27       0.76      0.85      0.80        60
          28       0.46      0.53      0.49        55
          29       0.42      0.38      0.40        64
          30       0.86      0.80      0.83        82
          31       0.76      0.88      0.81        72
          32       0.74      0.75      0.74        79
          33       0.63      0.67      0.65        69
          34       0.60      0.67      0.63        72
          35       0.67      0.62      0.65        85
          36       0.49      0.59      0.54        64
          37       0.66      0.72      0.69        57
          38       0.73      0.51      0.60        97
          39       0.90      0.76      0.83       102
          40       0.78      0.74      0.76       102
          41       0.70      0.59      0.64        97
          42       0.67      0.62      0.65        96
          43       0.79      0.76      0.78        80
          44       0.76      0.78      0.77        82
          45       0.55      0.54      0.54        54
          46       0.49      0.65      0.56        57
          47       0.49      0.47      0.48        55
          48       0.70      0.72      0.71        58
          49       0.72      0.60      0.66       106
          50       0.59      0.55      0.57        83
          51       0.58      0.68      0.62        56
          52       0.68      0.78      0.73        69
          53       0.47      0.56      0.51        86
          54       0.60      0.73      0.66        52
          55       0.73      0.84      0.78        51
          56       0.58      0.84      0.69        50
          57       0.69      0.61      0.65        71
          58       0.65      0.58      0.61        67
          59       0.84      0.73      0.78        52
          60       0.66      0.87      0.75        54
          61       0.82      0.74      0.78        61
          62       0.73      0.84      0.78        55
          63       0.71      0.79      0.75        53
          64       0.58      0.75      0.66        52
          65       0.68      0.88      0.77        50
          66       0.91      0.90      0.91        59
          67       0.74      0.68      0.71        50
          68       0.67      0.54      0.60        59
          69       0.87      0.90      0.88        51
          70       0.59      0.82      0.69        50
          71       0.53      0.66      0.59        50
          72       0.71      0.72      0.72        54
          73       0.69      0.82      0.75        50
          74       0.69      0.72      0.71        50
          75       0.50      0.58      0.54        52
          76       0.61      0.53      0.57        53
          77       0.80      0.89      0.84        54
          78       0.67      0.83      0.74        69
          79       0.76      0.72      0.74        57
          80       0.52      0.43      0.47        53
          81       0.46      0.62      0.53        50
          82       0.47      0.66      0.55        50
          83       0.62      0.88      0.73        52
          84       0.66      0.67      0.67        52
          85       0.62      0.64      0.63        50
          86       0.76      0.75      0.75        84
          87       0.60      0.65      0.62        68
          88       0.87      0.82      0.85       118
          89       0.38      0.51      0.44        51
          90       0.76      0.73      0.74       102
          91       0.63      0.53      0.57        51
          92       0.61      0.77      0.68        56
          93       0.69      0.79      0.74        52
          94       0.69      0.71      0.70        59
          95       0.78      0.38      0.51        56
          96       0.90      0.91      0.91        70
          97       0.28      0.48      0.36        50
          98       0.62      0.44      0.51        78
          99       0.42      0.30      0.35        92
         100       0.64      0.78      0.70        50
         101       0.74      0.59      0.66       109
         102       0.80      0.73      0.76       100
         103       0.94      0.86      0.90       110
         104       0.68      0.68      0.68        95
         105       0.62      0.54      0.58       113
         106       0.76      0.86      0.81       118
         107       0.90      0.82      0.86       119
         108       0.94      0.93      0.93        96
         109       0.84      0.88      0.86        58
         110       0.79      0.79      0.79        53
         111       0.74      0.78      0.76        81
         112       0.57      0.49      0.53        55
         113       0.55      0.47      0.51        51
         114       0.42      0.36      0.39        55
         115       0.57      0.41      0.48        59
         116       0.77      0.87      0.82        55
         117       0.57      0.71      0.63        56
         118       0.83      0.88      0.85        50
         119       0.80      0.87      0.83        69

    accuracy                           0.69      8580
   macro avg       0.68      0.69      0.68      8580
weighted avg       0.70      0.69      0.69      8580
