              precision    recall  f1-score   support

           0       0.12      0.17      0.14        52
           1       0.61      0.62      0.62        85
           2       0.59      0.41      0.49       152
           3       0.35      0.35      0.35        49
           4       0.34      0.24      0.28       114
           5       0.53      0.58      0.55        88
           6       0.65      0.59      0.62        96
           7       0.36      0.26      0.30        72
           8       0.17      0.15      0.16        72
           9       0.63      0.35      0.45       139
          10       0.34      0.21      0.26        75
          11       0.36      0.27      0.31        95
          12       0.39      0.36      0.37        87
          13       0.39      0.27      0.32        71
          14       0.41      0.49      0.45        59
          15       0.26      0.30      0.28        53
          16       0.29      0.39      0.33        57
          17       0.23      0.35      0.28        48
          18       0.14      0.20      0.16        51
          19       0.21      0.15      0.18       118
          20       0.18      0.16      0.17        82
          21       0.21      0.21      0.21        87
          22       0.36      0.39      0.37        88
          23       0.51      0.44      0.47        96
          24       0.39      0.55      0.46        51
          25       0.32      0.25      0.28       100
          26       0.56      0.38      0.45       132
          27       0.36      0.40      0.38        60
          28       0.18      0.16      0.17        55
          29       0.16      0.14      0.15        64
          30       0.51      0.46      0.49        82
          31       0.44      0.43      0.44        72
          32       0.50      0.38      0.43        79
          33       0.27      0.33      0.30        69
          34       0.29      0.31      0.30        72
          35       0.44      0.39      0.41        85
          36       0.12      0.12      0.12        64
          37       0.36      0.35      0.35        57
          38       0.27      0.18      0.21        97
          39       0.69      0.58      0.63       102
          40       0.47      0.35      0.40       102
          41       0.36      0.29      0.32        97
          42       0.45      0.40      0.42        96
          43       0.43      0.40      0.41        80
          44       0.52      0.40      0.46        82
          45       0.21      0.26      0.23        54
          46       0.15      0.25      0.19        57
          47       0.18      0.24      0.20        55
          48       0.43      0.43      0.43        58
          49       0.36      0.32      0.34       106
          50       0.44      0.41      0.42        83
          51       0.24      0.30      0.27        56
          52       0.48      0.43      0.45        69
          53       0.37      0.35      0.36        86
          54       0.27      0.44      0.34        52
          55       0.34      0.41      0.37        51
          56       0.26      0.42      0.32        50
          57       0.25      0.23      0.24        71
          58       0.30      0.28      0.29        67
          59       0.43      0.35      0.38        52
          60       0.45      0.46      0.46        54
          61       0.21      0.23      0.22        61
          62       0.42      0.45      0.43        55
          63       0.45      0.47      0.46        53
          64       0.31      0.40      0.35        52
          65       0.54      0.64      0.59        50
          66       0.63      0.63      0.63        59
          67       0.39      0.44      0.42        50
          68       0.18      0.22      0.20        59
          69       0.61      0.65      0.63        51
          70       0.41      0.48      0.44        50
          71       0.21      0.42      0.28        50
          72       0.32      0.35      0.33        54
          73       0.37      0.38      0.37        50
          74       0.35      0.40      0.37        50
          75       0.21      0.27      0.24        52
          76       0.24      0.26      0.25        53
          77       0.52      0.61      0.56        54
          78       0.39      0.46      0.42        69
          79       0.32      0.47      0.38        57
          80       0.20      0.17      0.18        53
          81       0.24      0.30      0.27        50
          82       0.27      0.42      0.33        50
          83       0.30      0.58      0.40        52
          84       0.40      0.40      0.40        52
          85       0.20      0.18      0.19        50
          86       0.46      0.39      0.43        84
          87       0.36      0.41      0.38        68
          88       0.67      0.51      0.58       118
          89       0.24      0.31      0.27        51
          90       0.58      0.55      0.57       102
          91       0.23      0.29      0.26        51
          92       0.37      0.45      0.41        56
          93       0.28      0.35      0.31        52
          94       0.21      0.17      0.19        59
          95       0.09      0.09      0.09        56
          96       0.68      0.66      0.67        70
          97       0.18      0.28      0.22        50
          98       0.25      0.26      0.25        78
          99       0.26      0.18      0.22        92
         100       0.26      0.44      0.32        50
         101       0.42      0.28      0.34       109
         102       0.45      0.37      0.41       100
         103       0.71      0.69      0.70       110
         104       0.29      0.31      0.30        95
         105       0.26      0.29      0.28       113
         106       0.49      0.48      0.49       118
         107       0.63      0.51      0.56       119
         108       0.51      0.45      0.48        96
         109       0.59      0.52      0.55        58
         110       0.50      0.49      0.50        53
         111       0.44      0.33      0.38        81
         112       0.18      0.16      0.17        55
         113       0.09      0.12      0.10        51
         114       0.11      0.09      0.10        55
         115       0.04      0.05      0.04        59
         116       0.42      0.45      0.43        55
         117       0.26      0.32      0.29        56
         118       0.41      0.48      0.44        50
         119       0.52      0.59      0.55        69

    accuracy                           0.36      8580
   macro avg       0.36      0.36      0.36      8580
weighted avg       0.38      0.36      0.37      8580
