              precision    recall  f1-score   support

           0       0.26      0.79      0.39      1000
           1       0.90      0.28      0.42      1000
           2       0.49      0.52      0.51      1000
           3       0.51      0.24      0.33      1000
           4       0.60      0.40      0.48      1000
           5       0.48      0.29      0.37      1000
           6       0.47      0.57      0.51      1000
           7       0.88      0.26      0.40      1000
           8       0.40      0.80      0.54      1000
           9       0.89      0.24      0.38      1000

    accuracy                           0.44     10000
   macro avg       0.59      0.44      0.43     10000
weighted avg       0.59      0.44      0.43     10000
