              precision    recall  f1-score   support

           0       0.58      0.56      0.57        52
           1       0.76      0.82      0.79        85
           2       0.82      0.73      0.77       152
           3       0.74      0.71      0.73        49
           4       0.66      0.58      0.62       114
           5       0.87      0.84      0.86        88
           6       0.90      0.86      0.88        96
           7       0.64      0.69      0.67        72
           8       0.61      0.46      0.52        72
           9       0.98      0.91      0.94       139
          10       0.70      0.59      0.64        75
          11       0.74      0.67      0.71        95
          12       0.89      0.75      0.81        87
          13       0.77      0.70      0.74        71
          14       0.58      0.68      0.62        59
          15       0.34      0.42      0.37        53
          16       0.57      0.65      0.61        57
          17       0.49      0.56      0.52        48
          18       0.80      0.69      0.74        51
          19       0.74      0.63      0.68       118
          20       0.63      0.49      0.55        82
          21       0.56      0.60      0.58        87
          22       0.85      0.81      0.83        88
          23       0.89      0.90      0.89        96
          24       0.52      0.78      0.62        51
          25       0.85      0.72      0.78       100
          26       0.69      0.69      0.69       132
          27       0.77      0.80      0.79        60
          28       0.49      0.53      0.51        55
          29       0.48      0.36      0.41        64
          30       0.84      0.79      0.82        82
          31       0.79      0.85      0.82        72
          32       0.68      0.66      0.67        79
          33       0.61      0.74      0.67        69
          34       0.50      0.60      0.54        72
          35       0.70      0.56      0.62        85
          36       0.47      0.59      0.53        64
          37       0.67      0.68      0.68        57
          38       0.63      0.49      0.55        97
          39       0.80      0.77      0.79       102
          40       0.71      0.73      0.72       102
          41       0.72      0.67      0.70        97
          42       0.70      0.62      0.66        96
          43       0.69      0.69      0.69        80
          44       0.85      0.73      0.78        82
          45       0.52      0.44      0.48        54
          46       0.51      0.70      0.59        57
          47       0.59      0.62      0.60        55
          48       0.75      0.66      0.70        58
          49       0.65      0.57      0.60       106
          50       0.59      0.58      0.58        83
          51       0.62      0.61      0.61        56
          52       0.71      0.75      0.73        69
          53       0.47      0.48      0.47        86
          54       0.59      0.77      0.67        52
          55       0.75      0.84      0.80        51
          56       0.61      0.86      0.72        50
          57       0.69      0.62      0.65        71
          58       0.64      0.73      0.69        67
          59       0.75      0.77      0.76        52
          60       0.67      0.78      0.72        54
          61       0.75      0.66      0.70        61
          62       0.82      0.84      0.83        55
          63       0.76      0.85      0.80        53
          64       0.62      0.83      0.71        52
          65       0.67      0.78      0.72        50
          66       0.86      0.83      0.84        59
          67       0.84      0.76      0.80        50
          68       0.64      0.59      0.61        59
          69       0.88      0.88      0.88        51
          70       0.58      0.68      0.62        50
          71       0.46      0.64      0.54        50
          72       0.72      0.81      0.77        54
          73       0.80      0.82      0.81        50
          74       0.67      0.94      0.78        50
          75       0.56      0.65      0.60        52
          76       0.56      0.45      0.50        53
          77       0.84      0.89      0.86        54
          78       0.72      0.84      0.78        69
          79       0.69      0.61      0.65        57
          80       0.59      0.57      0.58        53
          81       0.61      0.68      0.64        50
          82       0.44      0.66      0.53        50
          83       0.71      0.77      0.74        52
          84       0.69      0.63      0.66        52
          85       0.56      0.64      0.60        50
          86       0.74      0.76      0.75        84
          87       0.71      0.71      0.71        68
          88       0.91      0.80      0.85       118
          89       0.49      0.69      0.57        51
          90       0.76      0.72      0.74       102
          91       0.55      0.69      0.61        51
          92       0.80      0.79      0.79        56
          93       0.62      0.77      0.69        52
          94       0.73      0.76      0.74        59
          95       0.59      0.48      0.53        56
          96       0.90      0.93      0.92        70
          97       0.29      0.54      0.38        50
          98       0.67      0.59      0.63        78
          99       0.61      0.42      0.50        92
         100       0.65      0.68      0.67        50
         101       0.79      0.61      0.68       109
         102       0.92      0.71      0.80       100
         103       0.88      0.82      0.85       110
         104       0.73      0.64      0.68        95
         105       0.71      0.66      0.68       113
         106       0.85      0.75      0.80       118
         107       0.93      0.83      0.88       119
         108       0.86      0.93      0.89        96
         109       0.83      0.95      0.89        58
         110       0.67      0.83      0.74        53
         111       0.86      0.68      0.76        81
         112       0.48      0.58      0.52        55
         113       0.44      0.47      0.45        51
         114       0.34      0.25      0.29        55
         115       0.65      0.44      0.53        59
         116       0.70      0.78      0.74        55
         117       0.61      0.71      0.66        56
         118       0.69      0.88      0.77        50
         119       0.77      0.81      0.79        69

    accuracy                           0.70      8580
   macro avg       0.68      0.69      0.68      8580
weighted avg       0.71      0.70      0.70      8580
