              precision    recall  f1-score   support

           0       0.89      0.89      0.89      1000
           1       0.94      0.94      0.94      1000
           2       0.85      0.84      0.84      1000
           3       0.76      0.73      0.74      1000
           4       0.87      0.88      0.87      1000
           5       0.81      0.81      0.81      1000
           6       0.91      0.92      0.91      1000
           7       0.92      0.91      0.91      1000
           8       0.92      0.93      0.93      1000
           9       0.93      0.93      0.93      1000

    accuracy                           0.88     10000
   macro avg       0.88      0.88      0.88     10000
weighted avg       0.88      0.88      0.88     10000
