              precision    recall  f1-score   support

           0       0.26      0.79      0.39      1000
           1       0.91      0.27      0.42      1000
           2       0.50      0.53      0.52      1000
           3       0.52      0.25      0.34      1000
           4       0.60      0.40      0.48      1000
           5       0.48      0.29      0.36      1000
           6       0.47      0.58      0.52      1000
           7       0.86      0.26      0.39      1000
           8       0.40      0.81      0.54      1000
           9       0.90      0.25      0.39      1000

    accuracy                           0.44     10000
   macro avg       0.59      0.44      0.43     10000
weighted avg       0.59      0.44      0.43     10000
