              precision    recall  f1-score   support

           0       0.76      0.82      0.79      1000
           1       0.88      0.92      0.90      1000
           2       0.71      0.68      0.70      1000
           3       0.60      0.61      0.61      1000
           4       0.79      0.66      0.72      1000
           5       0.65      0.70      0.68      1000
           6       0.77      0.84      0.81      1000
           7       0.83      0.80      0.81      1000
           8       0.88      0.87      0.88      1000
           9       0.89      0.84      0.87      1000

    accuracy                           0.78     10000
   macro avg       0.78      0.78      0.77     10000
weighted avg       0.78      0.78      0.77     10000
