              precision    recall  f1-score   support

           0       0.61      0.63      0.62        52
           1       0.81      0.91      0.86        85
           2       0.85      0.79      0.82       152
           3       0.70      0.76      0.73        49
           4       0.71      0.61      0.65       114
           5       0.91      0.88      0.89        88
           6       0.95      0.90      0.92        96
           7       0.63      0.64      0.63        72
           8       0.54      0.49      0.51        72
           9       0.93      0.88      0.91       139
          10       0.77      0.67      0.71        75
          11       0.76      0.68      0.72        95
          12       0.88      0.78      0.83        87
          13       0.81      0.76      0.78        71
          14       0.77      0.83      0.80        59
          15       0.47      0.60      0.53        53
          16       0.62      0.65      0.63        57
          17       0.54      0.62      0.58        48
          18       0.73      0.63      0.67        51
          19       0.81      0.63      0.71       118
          20       0.63      0.56      0.59        82
          21       0.72      0.61      0.66        87
          22       0.79      0.84      0.81        88
          23       0.83      0.89      0.85        96
          24       0.61      0.90      0.72        51
          25       0.90      0.75      0.82       100
          26       0.78      0.78      0.78       132
          27       0.84      0.87      0.85        60
          28       0.58      0.58      0.58        55
          29       0.60      0.50      0.55        64
          30       0.88      0.85      0.86        82
          31       0.80      0.90      0.85        72
          32       0.76      0.78      0.77        79
          33       0.69      0.75      0.72        69
          34       0.62      0.65      0.64        72
          35       0.68      0.68      0.68        85
          36       0.44      0.55      0.49        64
          37       0.73      0.79      0.76        57
          38       0.75      0.56      0.64        97
          39       0.90      0.86      0.88       102
          40       0.80      0.77      0.79       102
          41       0.84      0.68      0.75        97
          42       0.68      0.70      0.69        96
          43       0.82      0.84      0.83        80
          44       0.84      0.84      0.84        82
          45       0.73      0.50      0.59        54
          46       0.56      0.77      0.65        57
          47       0.54      0.60      0.57        55
          48       0.73      0.76      0.75        58
          49       0.70      0.70      0.70       106
          50       0.70      0.64      0.67        83
          51       0.64      0.75      0.69        56
          52       0.81      0.81      0.81        69
          53       0.56      0.56      0.56        86
          54       0.57      0.77      0.66        52
          55       0.75      0.82      0.79        51
          56       0.75      0.84      0.79        50
          57       0.68      0.63      0.66        71
          58       0.71      0.72      0.71        67
          59       0.70      0.77      0.73        52
          60       0.71      0.87      0.78        54
          61       0.85      0.74      0.79        61
          62       0.78      0.89      0.83        55
          63       0.79      0.85      0.82        53
          64       0.76      0.79      0.77        52
          65       0.78      0.90      0.83        50
          66       0.84      0.86      0.85        59
          67       0.85      0.78      0.81        50
          68       0.87      0.68      0.76        59
          69       0.92      0.90      0.91        51
          70       0.69      0.76      0.72        50
          71       0.53      0.78      0.63        50
          72       0.72      0.85      0.78        54
          73       0.82      0.94      0.88        50
          74       0.70      0.84      0.76        50
          75       0.73      0.71      0.72        52
          76       0.63      0.68      0.65        53
          77       0.81      0.89      0.85        54
          78       0.81      0.81      0.81        69
          79       0.84      0.72      0.77        57
          80       0.66      0.55      0.60        53
          81       0.63      0.74      0.68        50
          82       0.57      0.76      0.65        50
          83       0.75      0.85      0.79        52
          84       0.71      0.69      0.70        52
          85       0.70      0.76      0.73        50
          86       0.77      0.81      0.79        84
          87       0.66      0.71      0.68        68
          88       0.91      0.86      0.88       118
          89       0.54      0.49      0.52        51
          90       0.79      0.78      0.79       102
          91       0.69      0.69      0.69        51
          92       0.78      0.82      0.80        56
          93       0.67      0.75      0.71        52
          94       0.82      0.83      0.82        59
          95       0.73      0.54      0.62        56
          96       0.94      0.96      0.95        70
          97       0.25      0.46      0.32        50
          98       0.62      0.51      0.56        78
          99       0.49      0.34      0.40        92
         100       0.63      0.80      0.71        50
         101       0.80      0.65      0.72       109
         102       0.92      0.81      0.86       100
         103       0.94      0.85      0.90       110
         104       0.72      0.74      0.73        95
         105       0.76      0.59      0.67       113
         106       0.80      0.86      0.83       118
         107       0.93      0.87      0.90       119
         108       0.92      0.93      0.92        96
         109       0.84      0.97      0.90        58
         110       0.82      0.85      0.83        53
         111       0.81      0.73      0.77        81
         112       0.56      0.53      0.54        55
         113       0.48      0.59      0.53        51
         114       0.44      0.31      0.36        55
         115       0.66      0.46      0.54        59
         116       0.74      0.84      0.79        55
         117       0.61      0.79      0.69        56
         118       0.79      0.84      0.82        50
         119       0.89      0.90      0.89        69

    accuracy                           0.74      8580
   macro avg       0.73      0.74      0.73      8580
weighted avg       0.75      0.74      0.74      8580
