              precision    recall  f1-score   support

           0       0.17      0.15      0.16        52
           1       0.65      0.65      0.65        85
           2       0.65      0.48      0.55       152
           3       0.35      0.51      0.41        49
           4       0.41      0.32      0.36       114
           5       0.73      0.69      0.71        88
           6       0.72      0.66      0.68        96
           7       0.50      0.46      0.48        72
           8       0.23      0.25      0.24        72
           9       0.60      0.45      0.52       139
          10       0.41      0.35      0.38        75
          11       0.45      0.39      0.42        95
          12       0.64      0.45      0.53        87
          13       0.50      0.34      0.40        71
          14       0.35      0.53      0.42        59
          15       0.23      0.34      0.27        53
          16       0.27      0.53      0.36        57
          17       0.24      0.33      0.28        48
          18       0.29      0.33      0.31        51
          19       0.40      0.25      0.30       118
          20       0.25      0.17      0.20        82
          21       0.35      0.26      0.30        87
          22       0.58      0.39      0.46        88
          23       0.54      0.62      0.58        96
          24       0.39      0.65      0.49        51
          25       0.47      0.20      0.28       100
          26       0.37      0.36      0.36       132
          27       0.48      0.67      0.56        60
          28       0.25      0.31      0.27        55
          29       0.14      0.14      0.14        64
          30       0.58      0.57      0.58        82
          31       0.49      0.61      0.54        72
          32       0.39      0.39      0.39        79
          33       0.29      0.29      0.29        69
          34       0.22      0.31      0.26        72
          35       0.32      0.29      0.31        85
          36       0.27      0.34      0.30        64
          37       0.29      0.44      0.35        57
          38       0.30      0.26      0.28        97
          39       0.50      0.51      0.50       102
          40       0.57      0.33      0.42       102
          41       0.35      0.34      0.35        97
          42       0.31      0.26      0.28        96
          43       0.31      0.42      0.36        80
          44       0.58      0.60      0.59        82
          45       0.28      0.30      0.29        54
          46       0.29      0.33      0.31        57
          47       0.16      0.16      0.16        55
          48       0.42      0.38      0.40        58
          49       0.48      0.32      0.38       106
          50       0.42      0.43      0.43        83
          51       0.24      0.29      0.26        56
          52       0.32      0.43      0.37        69
          53       0.34      0.35      0.35        86
          54       0.19      0.25      0.22        52
          55       0.40      0.39      0.40        51
          56       0.28      0.32      0.30        50
          57       0.32      0.28      0.30        71
          58       0.50      0.42      0.46        67
          59       0.51      0.48      0.50        52
          60       0.61      0.57      0.59        54
          61       0.34      0.30      0.32        61
          62       0.56      0.55      0.55        55
          63       0.55      0.55      0.55        53
          64       0.37      0.40      0.39        52
          65       0.54      0.58      0.56        50
          66       0.62      0.47      0.54        59
          67       0.41      0.42      0.42        50
          68       0.27      0.27      0.27        59
          69       0.52      0.69      0.59        51
          70       0.36      0.50      0.42        50
          71       0.30      0.40      0.34        50
          72       0.55      0.54      0.54        54
          73       0.40      0.42      0.41        50
          74       0.47      0.62      0.53        50
          75       0.30      0.31      0.30        52
          76       0.15      0.15      0.15        53
          77       0.54      0.65      0.59        54
          78       0.43      0.58      0.50        69
          79       0.50      0.47      0.49        57
          80       0.29      0.28      0.29        53
          81       0.35      0.50      0.41        50
          82       0.30      0.38      0.34        50
          83       0.41      0.42      0.42        52
          84       0.23      0.25      0.24        52
          85       0.24      0.26      0.25        50
          86       0.47      0.54      0.50        84
          87       0.46      0.37      0.41        68
          88       0.80      0.58      0.67       118
          89       0.26      0.49      0.34        51
          90       0.54      0.62      0.58       102
          91       0.23      0.24      0.23        51
          92       0.49      0.62      0.55        56
          93       0.48      0.38      0.43        52
          94       0.36      0.36      0.36        59
          95       0.24      0.25      0.25        56
          96       0.71      0.83      0.76        70
          97       0.06      0.10      0.08        50
          98       0.47      0.44      0.45        78
          99       0.40      0.28      0.33        92
         100       0.22      0.32      0.26        50
         101       0.46      0.34      0.39       109
         102       0.71      0.40      0.51       100
         103       0.75      0.54      0.62       110
         104       0.27      0.20      0.23        95
         105       0.37      0.35      0.36       113
         106       0.58      0.55      0.57       118
         107       0.82      0.62      0.71       119
         108       0.41      0.52      0.46        96
         109       0.69      0.78      0.73        58
         110       0.42      0.62      0.50        53
         111       0.58      0.51      0.54        81
         112       0.33      0.38      0.36        55
         113       0.26      0.33      0.29        51
         114       0.10      0.09      0.09        55
         115       0.17      0.14      0.15        59
         116       0.53      0.45      0.49        55
         117       0.44      0.46      0.45        56
         118       0.42      0.50      0.45        50
         119       0.78      0.61      0.68        69

    accuracy                           0.42      8580
   macro avg       0.41      0.41      0.41      8580
weighted avg       0.43      0.42      0.42      8580
