              precision    recall  f1-score   support

           0       0.39      0.53      0.45      1000
           1       0.40      0.43      0.42      1000
           2       0.33      0.14      0.20      1000
           3       0.30      0.15      0.20      1000
           4       0.37      0.31      0.34      1000
           5       0.38      0.35      0.36      1000
           6       0.38      0.47      0.42      1000
           7       0.36      0.42      0.39      1000
           8       0.47      0.57      0.52      1000
           9       0.37      0.47      0.41      1000

    accuracy                           0.38     10000
   macro avg       0.38      0.38      0.37     10000
weighted avg       0.38      0.38      0.37     10000
