              precision    recall  f1-score   support

           0       0.47      0.58      0.52      1000
           1       0.61      0.56      0.58      1000
           2       0.28      0.28      0.28      1000
           3       0.32      0.26      0.29      1000
           4       0.37      0.47      0.41      1000
           5       0.46      0.40      0.43      1000
           6       0.62      0.57      0.59      1000
           7       0.51      0.57      0.54      1000
           8       0.57      0.62      0.59      1000
           9       0.58      0.47      0.52      1000

    accuracy                           0.48     10000
   macro avg       0.48      0.48      0.48     10000
weighted avg       0.48      0.48      0.48     10000
