              precision    recall  f1-score   support

           0       0.71      0.62      0.66        52
           1       0.83      0.86      0.84        85
           2       0.83      0.77      0.80       152
           3       0.67      0.80      0.73        49
           4       0.70      0.62      0.66       114
           5       0.85      0.92      0.89        88
           6       0.94      0.86      0.90        96
           7       0.72      0.67      0.69        72
           8       0.57      0.46      0.51        72
           9       0.97      0.91      0.94       139
          10       0.76      0.69      0.73        75
          11       0.75      0.58      0.65        95
          12       0.83      0.80      0.82        87
          13       0.74      0.80      0.77        71
          14       0.75      0.76      0.76        59
          15       0.43      0.57      0.49        53
          16       0.57      0.70      0.63        57
          17       0.52      0.71      0.60        48
          18       0.68      0.67      0.67        51
          19       0.81      0.56      0.66       118
          20       0.73      0.65      0.68        82
          21       0.66      0.51      0.57        87
          22       0.82      0.85      0.84        88
          23       0.86      0.86      0.86        96
          24       0.60      0.82      0.69        51
          25       0.89      0.74      0.81       100
          26       0.77      0.77      0.77       132
          27       0.76      0.88      0.82        60
          28       0.52      0.58      0.55        55
          29       0.60      0.56      0.58        64
          30       0.90      0.87      0.88        82
          31       0.82      0.85      0.84        72
          32       0.74      0.75      0.74        79
          33       0.68      0.74      0.71        69
          34       0.62      0.64      0.63        72
          35       0.67      0.71      0.69        85
          36       0.50      0.61      0.55        64
          37       0.77      0.77      0.77        57
          38       0.63      0.61      0.62        97
          39       0.82      0.82      0.82       102
          40       0.81      0.80      0.81       102
          41       0.87      0.67      0.76        97
          42       0.70      0.65      0.67        96
          43       0.83      0.84      0.83        80
          44       0.84      0.84      0.84        82
          45       0.60      0.54      0.57        54
          46       0.55      0.65      0.60        57
          47       0.51      0.55      0.53        55
          48       0.69      0.78      0.73        58
          49       0.66      0.70      0.68       106
          50       0.65      0.66      0.65        83
          51       0.63      0.59      0.61        56
          52       0.77      0.83      0.80        69
          53       0.56      0.57      0.57        86
          54       0.64      0.81      0.71        52
          55       0.81      0.84      0.83        51
          56       0.72      0.86      0.78        50
          57       0.72      0.65      0.68        71
          58       0.78      0.73      0.75        67
          59       0.88      0.73      0.80        52
          60       0.70      0.85      0.77        54
          61       0.80      0.70      0.75        61
          62       0.79      0.91      0.85        55
          63       0.86      0.91      0.88        53
          64       0.76      0.81      0.79        52
          65       0.74      0.92      0.82        50
          66       0.82      0.83      0.82        59
          67       0.84      0.82      0.83        50
          68       0.82      0.61      0.70        59
          69       0.92      0.86      0.89        51
          70       0.74      0.84      0.79        50
          71       0.47      0.66      0.55        50
          72       0.71      0.87      0.78        54
          73       0.87      0.92      0.89        50
          74       0.71      0.92      0.80        50
          75       0.72      0.79      0.75        52
          76       0.61      0.62      0.62        53
          77       0.81      0.89      0.85        54
          78       0.78      0.81      0.79        69
          79       0.75      0.70      0.73        57
          80       0.61      0.58      0.60        53
          81       0.65      0.72      0.69        50
          82       0.49      0.72      0.59        50
          83       0.70      0.81      0.75        52
          84       0.73      0.63      0.68        52
          85       0.61      0.70      0.65        50
          86       0.78      0.83      0.80        84
          87       0.65      0.69      0.67        68
          88       0.91      0.81      0.86       118
          89       0.46      0.57      0.51        51
          90       0.78      0.72      0.74       102
          91       0.73      0.65      0.69        51
          92       0.81      0.79      0.80        56
          93       0.70      0.83      0.76        52
          94       0.79      0.81      0.80        59
          95       0.68      0.45      0.54        56
          96       0.92      0.94      0.93        70
          97       0.27      0.52      0.36        50
          98       0.56      0.44      0.49        78
          99       0.54      0.39      0.45        92
         100       0.64      0.84      0.72        50
         101       0.82      0.71      0.76       109
         102       0.86      0.83      0.85       100
         103       0.95      0.85      0.90       110
         104       0.79      0.71      0.74        95
         105       0.74      0.61      0.67       113
         106       0.85      0.85      0.85       118
         107       0.93      0.83      0.88       119
         108       0.92      0.94      0.93        96
         109       0.94      1.00      0.97        58
         110       0.79      0.83      0.81        53
         111       0.77      0.75      0.76        81
         112       0.58      0.45      0.51        55
         113       0.48      0.53      0.50        51
         114       0.40      0.38      0.39        55
         115       0.55      0.46      0.50        59
         116       0.77      0.87      0.82        55
         117       0.66      0.75      0.70        56
         118       0.88      0.90      0.89        50
         119       0.89      0.90      0.89        69

    accuracy                           0.74      8580
   macro avg       0.73      0.73      0.73      8580
weighted avg       0.74      0.74      0.74      8580
