              precision    recall  f1-score   support

           0       0.48      0.44      0.46        52
           1       0.74      0.85      0.79        85
           2       0.80      0.61      0.69       152
           3       0.54      0.67      0.60        49
           4       0.48      0.50      0.49       114
           5       0.80      0.82      0.81        88
           6       0.80      0.76      0.78        96
           7       0.50      0.58      0.54        72
           8       0.54      0.46      0.50        72
           9       0.87      0.78      0.82       139
          10       0.54      0.55      0.54        75
          11       0.66      0.61      0.63        95
          12       0.67      0.63      0.65        87
          13       0.78      0.69      0.73        71
          14       0.52      0.64      0.58        59
          15       0.40      0.51      0.45        53
          16       0.61      0.65      0.63        57
          17       0.39      0.60      0.48        48
          18       0.66      0.49      0.56        51
          19       0.83      0.41      0.55       118
          20       0.58      0.52      0.55        82
          21       0.60      0.44      0.51        87
          22       0.78      0.68      0.73        88
          23       0.75      0.79      0.77        96
          24       0.49      0.75      0.59        51
          25       0.70      0.54      0.61       100
          26       0.72      0.73      0.72       132
          27       0.69      0.85      0.76        60
          28       0.34      0.44      0.38        55
          29       0.43      0.34      0.38        64
          30       0.80      0.83      0.81        82
          31       0.66      0.74      0.70        72
          32       0.62      0.51      0.56        79
          33       0.49      0.61      0.55        69
          34       0.54      0.57      0.55        72
          35       0.54      0.49      0.52        85
          36       0.35      0.50      0.41        64
          37       0.64      0.68      0.66        57
          38       0.43      0.30      0.35        97
          39       0.75      0.81      0.78       102
          40       0.75      0.67      0.70       102
          41       0.75      0.53      0.62        97
          42       0.54      0.59      0.56        96
          43       0.70      0.76      0.73        80
          44       0.67      0.74      0.71        82
          45       0.49      0.50      0.50        54
          46       0.41      0.44      0.42        57
          47       0.37      0.45      0.41        55
          48       0.60      0.76      0.67        58
          49       0.66      0.57      0.61       106
          50       0.53      0.59      0.56        83
          51       0.50      0.66      0.57        56
          52       0.61      0.71      0.66        69
          53       0.45      0.41      0.43        86
          54       0.56      0.67      0.61        52
          55       0.68      0.67      0.67        51
          56       0.57      0.60      0.58        50
          57       0.51      0.49      0.50        71
          58       0.64      0.58      0.61        67
          59       0.68      0.65      0.67        52
          60       0.54      0.72      0.62        54
          61       0.61      0.51      0.55        61
          62       0.69      0.84      0.75        55
          63       0.63      0.77      0.69        53
          64       0.62      0.69      0.65        52
          65       0.72      0.76      0.74        50
          66       0.85      0.85      0.85        59
          67       0.52      0.56      0.54        50
          68       0.50      0.36      0.42        59
          69       0.70      0.75      0.72        51
          70       0.53      0.76      0.62        50
          71       0.41      0.68      0.52        50
          72       0.58      0.80      0.67        54
          73       0.73      0.74      0.73        50
          74       0.68      0.64      0.66        50
          75       0.55      0.56      0.55        52
          76       0.52      0.49      0.50        53
          77       0.90      0.83      0.87        54
          78       0.67      0.80      0.73        69
          79       0.72      0.77      0.75        57
          80       0.61      0.51      0.56        53
          81       0.54      0.52      0.53        50
          82       0.33      0.58      0.42        50
          83       0.50      0.81      0.62        52
          84       0.45      0.56      0.50        52
          85       0.46      0.44      0.45        50
          86       0.71      0.65      0.68        84
          87       0.62      0.59      0.60        68
          88       0.87      0.71      0.78       118
          89       0.32      0.53      0.40        51
          90       0.67      0.59      0.62       102
          91       0.59      0.37      0.46        51
          92       0.64      0.73      0.68        56
          93       0.61      0.60      0.60        52
          94       0.64      0.61      0.63        59
          95       0.55      0.43      0.48        56
          96       0.93      0.90      0.91        70
          97       0.25      0.34      0.29        50
          98       0.53      0.50      0.51        78
          99       0.43      0.32      0.36        92
         100       0.51      0.54      0.52        50
         101       0.85      0.64      0.73       109
         102       0.77      0.62      0.69       100
         103       0.87      0.82      0.84       110
         104       0.68      0.60      0.64        95
         105       0.57      0.44      0.50       113
         106       0.72      0.83      0.77       118
         107       0.82      0.79      0.80       119
         108       0.85      0.82      0.84        96
         109       0.83      0.84      0.84        58
         110       0.72      0.81      0.76        53
         111       0.79      0.62      0.69        81
         112       0.56      0.42      0.48        55
         113       0.59      0.45      0.51        51
         114       0.42      0.40      0.41        55
         115       0.62      0.31      0.41        59
         116       0.77      0.80      0.79        55
         117       0.50      0.70      0.58        56
         118       0.73      0.76      0.75        50
         119       0.79      0.84      0.82        69

    accuracy                           0.63      8580
   macro avg       0.62      0.62      0.61      8580
weighted avg       0.64      0.63      0.63      8580
