              precision    recall  f1-score   support

           0       0.07      0.08      0.07        52
           1       0.27      0.25      0.26        85
           2       0.24      0.14      0.18       152
           3       0.16      0.12      0.14        49
           4       0.15      0.10      0.12       114
           5       0.34      0.39      0.36        88
           6       0.23      0.20      0.21        96
           7       0.10      0.11      0.11        72
           8       0.12      0.12      0.12        72
           9       0.21      0.14      0.16       139
          10       0.09      0.09      0.09        75
          11       0.24      0.14      0.17        95
          12       0.13      0.17      0.15        87
          13       0.16      0.15      0.16        71
          14       0.15      0.17      0.16        59
          15       0.15      0.21      0.18        53
          16       0.30      0.33      0.31        57
          17       0.08      0.12      0.09        48
          18       0.07      0.12      0.09        51
          19       0.04      0.03      0.03       118
          20       0.13      0.07      0.09        82
          21       0.11      0.11      0.11        87
          22       0.17      0.20      0.19        88
          23       0.27      0.25      0.26        96
          24       0.15      0.18      0.16        51
          25       0.12      0.09      0.10       100
          26       0.26      0.21      0.23       132
          27       0.04      0.05      0.04        60
          28       0.06      0.07      0.07        55
          29       0.05      0.05      0.05        64
          30       0.17      0.24      0.20        82
          31       0.07      0.06      0.06        72
          32       0.07      0.05      0.06        79
          33       0.07      0.07      0.07        69
          34       0.21      0.18      0.19        72
          35       0.14      0.14      0.14        85
          36       0.09      0.11      0.10        64
          37       0.19      0.21      0.20        57
          38       0.14      0.05      0.07        97
          39       0.40      0.45      0.42       102
          40       0.19      0.10      0.13       102
          41       0.10      0.08      0.09        97
          42       0.19      0.12      0.15        96
          43       0.23      0.26      0.25        80
          44       0.17      0.15      0.16        82
          45       0.07      0.09      0.08        54
          46       0.09      0.12      0.10        57
          47       0.06      0.09      0.08        55
          48       0.22      0.38      0.28        58
          49       0.16      0.12      0.14       106
          50       0.31      0.27      0.29        83
          51       0.05      0.04      0.04        56
          52       0.16      0.19      0.17        69
          53       0.17      0.10      0.13        86
          54       0.05      0.04      0.04        52
          55       0.14      0.18      0.15        51
          56       0.09      0.08      0.09        50
          57       0.08      0.07      0.07        71
          58       0.14      0.13      0.14        67
          59       0.12      0.13      0.12        52
          60       0.19      0.28      0.23        54
          61       0.03      0.03      0.03        61
          62       0.34      0.47      0.40        55
          63       0.18      0.26      0.21        53
          64       0.08      0.13      0.10        52
          65       0.22      0.30      0.25        50
          66       0.27      0.34      0.30        59
          67       0.20      0.26      0.22        50
          68       0.02      0.02      0.02        59
          69       0.16      0.25      0.20        51
          70       0.26      0.32      0.29        50
          71       0.12      0.22      0.15        50
          72       0.22      0.20      0.21        54
          73       0.19      0.22      0.20        50
          74       0.07      0.10      0.08        50
          75       0.11      0.10      0.10        52
          76       0.08      0.08      0.08        53
          77       0.40      0.48      0.44        54
          78       0.22      0.23      0.22        69
          79       0.16      0.26      0.20        57
          80       0.09      0.06      0.07        53
          81       0.13      0.18      0.15        50
          82       0.12      0.28      0.17        50
          83       0.15      0.23      0.18        52
          84       0.11      0.17      0.13        52
          85       0.12      0.12      0.12        50
          86       0.15      0.14      0.15        84
          87       0.14      0.16      0.15        68
          88       0.43      0.31      0.36       118
          89       0.13      0.24      0.17        51
          90       0.51      0.32      0.40       102
          91       0.07      0.08      0.07        51
          92       0.18      0.20      0.19        56
          93       0.19      0.25      0.21        52
          94       0.07      0.08      0.08        59
          95       0.09      0.12      0.11        56
          96       0.31      0.31      0.31        70
          97       0.06      0.10      0.08        50
          98       0.16      0.14      0.15        78
          99       0.11      0.10      0.11        92
         100       0.08      0.08      0.08        50
         101       0.23      0.13      0.16       109
         102       0.16      0.16      0.16       100
         103       0.39      0.36      0.38       110
         104       0.17      0.13      0.14        95
         105       0.17      0.10      0.12       113
         106       0.13      0.09      0.11       118
         107       0.21      0.13      0.16       119
         108       0.24      0.30      0.27        96
         109       0.25      0.31      0.28        58
         110       0.20      0.15      0.17        53
         111       0.30      0.17      0.22        81
         112       0.02      0.02      0.02        55
         113       0.08      0.04      0.05        51
         114       0.07      0.04      0.05        55
         115       0.00      0.00      0.00        59
         116       0.23      0.25      0.24        55
         117       0.10      0.11      0.10        56
         118       0.20      0.38      0.26        50
         119       0.29      0.39      0.33        69

    accuracy                           0.17      8580
   macro avg       0.16      0.17      0.16      8580
weighted avg       0.17      0.17      0.17      8580
