              precision    recall  f1-score   support

           0       0.22      0.25      0.23        52
           1       0.67      0.78      0.72        85
           2       0.67      0.52      0.59       152
           3       0.55      0.61      0.58        49
           4       0.57      0.40      0.47       114
           5       0.78      0.78      0.78        88
           6       0.74      0.68      0.71        96
           7       0.49      0.49      0.49        72
           8       0.19      0.19      0.19        72
           9       0.79      0.63      0.70       139
          10       0.46      0.44      0.45        75
          11       0.47      0.36      0.40        95
          12       0.61      0.49      0.54        87
          13       0.54      0.54      0.54        71
          14       0.48      0.47      0.48        59
          15       0.39      0.49      0.43        53
          16       0.37      0.44      0.40        57
          17       0.37      0.46      0.41        48
          18       0.30      0.37      0.33        51
          19       0.52      0.42      0.46       118
          20       0.36      0.33      0.34        82
          21       0.23      0.22      0.22        87
          22       0.56      0.61      0.59        88
          23       0.66      0.71      0.68        96
          24       0.47      0.71      0.56        51
          25       0.44      0.36      0.40       100
          26       0.55      0.44      0.49       132
          27       0.57      0.55      0.56        60
          28       0.24      0.24      0.24        55
          29       0.21      0.12      0.16        64
          30       0.69      0.71      0.70        82
          31       0.63      0.69      0.66        72
          32       0.57      0.57      0.57        79
          33       0.35      0.45      0.39        69
          34       0.42      0.38      0.40        72
          35       0.45      0.38      0.41        85
          36       0.35      0.39      0.37        64
          37       0.54      0.67      0.60        57
          38       0.49      0.37      0.42        97
          39       0.59      0.59      0.59       102
          40       0.60      0.56      0.58       102
          41       0.47      0.45      0.46        97
          42       0.54      0.49      0.51        96
          43       0.54      0.49      0.51        80
          44       0.66      0.68      0.67        82
          45       0.20      0.24      0.22        54
          46       0.28      0.37      0.32        57
          47       0.35      0.42      0.38        55
          48       0.51      0.62      0.56        58
          49       0.48      0.47      0.48       106
          50       0.52      0.57      0.54        83
          51       0.36      0.32      0.34        56
          52       0.49      0.57      0.53        69
          53       0.41      0.40      0.40        86
          54       0.38      0.48      0.42        52
          55       0.47      0.55      0.51        51
          56       0.54      0.68      0.60        50
          57       0.40      0.37      0.38        71
          58       0.49      0.54      0.51        67
          59       0.45      0.54      0.49        52
          60       0.45      0.65      0.53        54
          61       0.45      0.44      0.45        61
          62       0.63      0.69      0.66        55
          63       0.57      0.74      0.64        53
          64       0.52      0.65      0.58        52
          65       0.62      0.72      0.67        50
          66       0.71      0.75      0.73        59
          67       0.53      0.62      0.57        50
          68       0.40      0.32      0.36        59
          69       0.71      0.88      0.79        51
          70       0.58      0.52      0.55        50
          71       0.34      0.42      0.38        50
          72       0.55      0.59      0.57        54
          73       0.41      0.50      0.45        50
          74       0.53      0.56      0.54        50
          75       0.44      0.56      0.49        52
          76       0.32      0.30      0.31        53
          77       0.62      0.70      0.66        54
          78       0.58      0.67      0.62        69
          79       0.49      0.49      0.49        57
          80       0.30      0.32      0.31        53
          81       0.40      0.40      0.40        50
          82       0.32      0.36      0.34        50
          83       0.50      0.71      0.59        52
          84       0.42      0.54      0.47        52
          85       0.27      0.30      0.29        50
          86       0.65      0.61      0.63        84
          87       0.53      0.62      0.57        68
          88       0.81      0.63      0.71       118
          89       0.23      0.35      0.28        51
          90       0.66      0.60      0.63       102
          91       0.40      0.47      0.43        51
          92       0.61      0.61      0.61        56
          93       0.49      0.42      0.45        52
          94       0.40      0.36      0.38        59
          95       0.31      0.39      0.35        56
          96       0.82      0.91      0.86        70
          97       0.19      0.28      0.23        50
          98       0.50      0.47      0.49        78
          99       0.42      0.39      0.41        92
         100       0.33      0.28      0.30        50
         101       0.62      0.46      0.53       109
         102       0.64      0.53      0.58       100
         103       0.74      0.76      0.75       110
         104       0.58      0.37      0.45        95
         105       0.48      0.44      0.46       113
         106       0.72      0.69      0.71       118
         107       0.85      0.67      0.75       119
         108       0.79      0.62      0.70        96
         109       0.81      0.81      0.81        58
         110       0.68      0.72      0.70        53
         111       0.57      0.42      0.48        81
         112       0.35      0.33      0.34        55
         113       0.29      0.24      0.26        51
         114       0.22      0.18      0.20        55
         115       0.17      0.14      0.15        59
         116       0.57      0.53      0.55        55
         117       0.43      0.52      0.47        56
         118       0.51      0.78      0.62        50
         119       0.65      0.72      0.68        69

    accuracy                           0.51      8580
   macro avg       0.49      0.51      0.50      8580
weighted avg       0.52      0.51      0.51      8580
