              precision    recall  f1-score   support

           0       0.21      0.25      0.23        52
           1       0.67      0.73      0.70        85
           2       0.69      0.49      0.57       152
           3       0.39      0.47      0.43        49
           4       0.46      0.30      0.36       114
           5       0.85      0.64      0.73        88
           6       0.75      0.68      0.71        96
           7       0.48      0.44      0.46        72
           8       0.25      0.22      0.23        72
           9       0.68      0.55      0.61       139
          10       0.32      0.40      0.36        75
          11       0.58      0.44      0.50        95
          12       0.48      0.49      0.49        87
          13       0.42      0.41      0.41        71
          14       0.45      0.56      0.50        59
          15       0.32      0.38      0.34        53
          16       0.49      0.53      0.51        57
          17       0.32      0.38      0.35        48
          18       0.27      0.33      0.30        51
          19       0.35      0.23      0.28       118
          20       0.28      0.29      0.29        82
          21       0.30      0.28      0.29        87
          22       0.51      0.52      0.52        88
          23       0.53      0.56      0.55        96
          24       0.51      0.69      0.58        51
          25       0.29      0.31      0.30       100
          26       0.66      0.42      0.52       132
          27       0.43      0.52      0.47        60
          28       0.22      0.20      0.21        55
          29       0.26      0.16      0.20        64
          30       0.59      0.60      0.59        82
          31       0.66      0.61      0.63        72
          32       0.49      0.56      0.52        79
          33       0.33      0.38      0.35        69
          34       0.41      0.39      0.40        72
          35       0.44      0.44      0.44        85
          36       0.20      0.22      0.21        64
          37       0.56      0.58      0.57        57
          38       0.36      0.31      0.33        97
          39       0.65      0.67      0.66       102
          40       0.52      0.44      0.48       102
          41       0.47      0.41      0.44        97
          42       0.53      0.41      0.46        96
          43       0.55      0.49      0.52        80
          44       0.57      0.54      0.55        82
          45       0.23      0.30      0.26        54
          46       0.20      0.37      0.26        57
          47       0.26      0.35      0.30        55
          48       0.54      0.55      0.55        58
          49       0.45      0.41      0.43       106
          50       0.49      0.41      0.45        83
          51       0.30      0.38      0.33        56
          52       0.52      0.57      0.54        69
          53       0.38      0.30      0.34        86
          54       0.34      0.44      0.38        52
          55       0.39      0.57      0.46        51
          56       0.38      0.48      0.42        50
          57       0.37      0.23      0.28        71
          58       0.35      0.40      0.37        67
          59       0.39      0.50      0.44        52
          60       0.42      0.52      0.46        54
          61       0.38      0.38      0.38        61
          62       0.43      0.58      0.50        55
          63       0.42      0.57      0.48        53
          64       0.51      0.42      0.46        52
          65       0.56      0.60      0.58        50
          66       0.51      0.63      0.56        59
          67       0.44      0.54      0.49        50
          68       0.41      0.27      0.33        59
          69       0.58      0.80      0.67        51
          70       0.47      0.52      0.50        50
          71       0.33      0.54      0.41        50
          72       0.47      0.44      0.46        54
          73       0.49      0.50      0.50        50
          74       0.26      0.36      0.30        50
          75       0.29      0.44      0.35        52
          76       0.35      0.38      0.36        53
          77       0.56      0.74      0.63        54
          78       0.40      0.59      0.48        69
          79       0.41      0.46      0.43        57
          80       0.26      0.26      0.26        53
          81       0.35      0.32      0.33        50
          82       0.29      0.40      0.34        50
          83       0.47      0.65      0.55        52
          84       0.27      0.42      0.33        52
          85       0.25      0.32      0.28        50
          86       0.56      0.38      0.45        84
          87       0.45      0.41      0.43        68
          88       0.74      0.63      0.68       118
          89       0.21      0.27      0.24        51
          90       0.64      0.55      0.59       102
          91       0.38      0.39      0.38        51
          92       0.41      0.50      0.45        56
          93       0.35      0.42      0.38        52
          94       0.35      0.29      0.31        59
          95       0.20      0.23      0.21        56
          96       0.74      0.79      0.76        70
          97       0.23      0.30      0.26        50
          98       0.39      0.50      0.44        78
          99       0.22      0.16      0.19        92
         100       0.30      0.36      0.32        50
         101       0.57      0.46      0.51       109
         102       0.52      0.39      0.45       100
         103       0.73      0.75      0.74       110
         104       0.40      0.26      0.32        95
         105       0.36      0.32      0.34       113
         106       0.64      0.58      0.61       118
         107       0.82      0.61      0.70       119
         108       0.77      0.57      0.66        96
         109       0.60      0.62      0.61        58
         110       0.66      0.58      0.62        53
         111       0.67      0.44      0.53        81
         112       0.22      0.29      0.25        55
         113       0.27      0.22      0.24        51
         114       0.29      0.15      0.19        55
         115       0.16      0.12      0.14        59
         116       0.52      0.58      0.55        55
         117       0.35      0.45      0.39        56
         118       0.49      0.62      0.55        50
         119       0.73      0.75      0.74        69

    accuracy                           0.45      8580
   macro avg       0.44      0.45      0.44      8580
weighted avg       0.47      0.45      0.45      8580
