brightness: [93.42, 93.12, 92.68, 92.14, 90.6]
contrast: [93.37, 91.4, 89.58, 85.17, 58.34]
defocus_blur: [93.31, 92.33, 90.58, 86.95, 77.6]
elastic_transform: [89.75, 89.98, 88.55, 83.61, 79.16]
fog: [93.37, 92.41, 91.28, 88.2, 77.44]
frost: [91.79, 89.05, 85.05, 84.52, 79.38]
gaussian_blur: [93.3, 90.44, 87.42, 82.88, 70.1]
gaussian_noise: [83.08, 69.06, 53.82, 46.81, 41.21]
glass_blur: [71.42, 72.6, 75.74, 57.64, 62.5]
impulse_noise: [89.13, 80.99, 70.92, 48.44, 32.19]
jpeg_compression: [87.66, 84.8, 83.27, 81.89, 79.03]
motion_blur: [90.62, 85.97, 78.92, 79.11, 72.58]
pixelate: [92.6, 90.52, 87.73, 78.96, 62.27]
saturate: [91.29, 87.55, 93.04, 90.32, 86.14]
shot_noise: [88.04, 81.67, 64.41, 57.52, 46.44]
snow: [91.43, 85.68, 85.93, 83.68, 81.97]
spatter: [92.64, 90.13, 86.54, 89.86, 85.98]
speckle_noise: [88.19, 78.2, 72.27, 60.27, 49.71]
zoom_blur: [89.58, 89.06, 86.78, 84.99, 80.42]
