              precision    recall  f1-score   support

           0       0.22      0.24      0.23      1000
           1       0.40      0.30      0.34      1000
           2       0.20      0.25      0.22      1000
           3       0.21      0.14      0.17      1000
           4       0.22      0.22      0.22      1000
           5       0.27      0.20      0.23      1000
           6       0.33      0.29      0.31      1000
           7       0.21      0.32      0.25      1000
           8       0.35      0.40      0.38      1000
           9       0.34      0.33      0.33      1000

    accuracy                           0.27     10000
   macro avg       0.27      0.27      0.27     10000
weighted avg       0.27      0.27      0.27     10000
