              precision    recall  f1-score   support

           0       0.11      0.13      0.12        52
           1       0.51      0.65      0.57        85
           2       0.47      0.44      0.45       152
           3       0.21      0.35      0.26        49
           4       0.33      0.22      0.26       114
           5       0.47      0.51      0.49        88
           6       0.44      0.42      0.43        96
           7       0.50      0.36      0.42        72
           8       0.24      0.14      0.18        72
           9       0.53      0.35      0.42       139
          10       0.37      0.33      0.35        75
          11       0.31      0.27      0.29        95
          12       0.49      0.26      0.34        87
          13       0.43      0.32      0.37        71
          14       0.31      0.44      0.36        59
          15       0.22      0.26      0.24        53
          16       0.34      0.44      0.38        57
          17       0.26      0.38      0.31        48
          18       0.25      0.27      0.26        51
          19       0.24      0.14      0.17       118
          20       0.18      0.09      0.12        82
          21       0.28      0.16      0.20        87
          22       0.38      0.24      0.29        88
          23       0.57      0.50      0.53        96
          24       0.27      0.35      0.31        51
          25       0.24      0.09      0.13       100
          26       0.46      0.31      0.37       132
          27       0.38      0.35      0.37        60
          28       0.19      0.25      0.22        55
          29       0.12      0.09      0.11        64
          30       0.47      0.33      0.39        82
          31       0.33      0.38      0.35        72
          32       0.39      0.29      0.33        79
          33       0.26      0.20      0.23        69
          34       0.22      0.29      0.25        72
          35       0.26      0.21      0.23        85
          36       0.30      0.33      0.31        64
          37       0.25      0.47      0.33        57
          38       0.31      0.23      0.26        97
          39       0.47      0.37      0.42       102
          40       0.37      0.23      0.28       102
          41       0.25      0.27      0.26        97
          42       0.31      0.31      0.31        96
          43       0.29      0.42      0.34        80
          44       0.40      0.46      0.43        82
          45       0.16      0.19      0.17        54
          46       0.19      0.25      0.21        57
          47       0.29      0.27      0.28        55
          48       0.34      0.36      0.35        58
          49       0.35      0.42      0.39       106
          50       0.40      0.48      0.44        83
          51       0.22      0.23      0.22        56
          52       0.33      0.39      0.36        69
          53       0.26      0.26      0.26        86
          54       0.10      0.13      0.12        52
          55       0.31      0.35      0.33        51
          56       0.27      0.30      0.28        50
          57       0.18      0.20      0.19        71
          58       0.30      0.25      0.27        67
          59       0.33      0.35      0.34        52
          60       0.29      0.37      0.33        54
          61       0.24      0.28      0.26        61
          62       0.30      0.40      0.34        55
          63       0.21      0.26      0.24        53
          64       0.22      0.31      0.26        52
          65       0.46      0.44      0.45        50
          66       0.36      0.42      0.39        59
          67       0.22      0.30      0.25        50
          68       0.16      0.20      0.18        59
          69       0.39      0.59      0.47        51
          70       0.36      0.48      0.41        50
          71       0.16      0.20      0.18        50
          72       0.32      0.43      0.37        54
          73       0.25      0.32      0.28        50
          74       0.29      0.24      0.26        50
          75       0.23      0.29      0.26        52
          76       0.20      0.23      0.21        53
          77       0.53      0.57      0.55        54
          78       0.36      0.45      0.40        69
          79       0.33      0.37      0.35        57
          80       0.13      0.15      0.14        53
          81       0.19      0.36      0.25        50
          82       0.25      0.34      0.29        50
          83       0.29      0.38      0.33        52
          84       0.24      0.23      0.24        52
          85       0.17      0.14      0.16        50
          86       0.49      0.44      0.46        84
          87       0.42      0.46      0.44        68
          88       0.41      0.33      0.36       118
          89       0.29      0.47      0.36        51
          90       0.55      0.55      0.55       102
          91       0.15      0.16      0.15        51
          92       0.29      0.30      0.30        56
          93       0.22      0.35      0.27        52
          94       0.22      0.22      0.22        59
          95       0.13      0.11      0.12        56
          96       0.58      0.64      0.61        70
          97       0.11      0.16      0.13        50
          98       0.23      0.22      0.23        78
          99       0.22      0.20      0.21        92
         100       0.15      0.34      0.21        50
         101       0.44      0.19      0.27       109
         102       0.37      0.28      0.32       100
         103       0.65      0.55      0.59       110
         104       0.24      0.19      0.21        95
         105       0.25      0.14      0.18       113
         106       0.55      0.50      0.52       118
         107       0.50      0.43      0.46       119
         108       0.43      0.43      0.43        96
         109       0.45      0.64      0.53        58
         110       0.41      0.53      0.46        53
         111       0.38      0.38      0.38        81
         112       0.20      0.16      0.18        55
         113       0.08      0.10      0.09        51
         114       0.13      0.13      0.13        55
         115       0.11      0.10      0.11        59
         116       0.53      0.36      0.43        55
         117       0.21      0.20      0.20        56
         118       0.47      0.50      0.49        50
         119       0.55      0.59      0.57        69

    accuracy                           0.32      8580
   macro avg       0.31      0.32      0.31      8580
weighted avg       0.33      0.32      0.32      8580
