              precision    recall  f1-score   support

           0       0.83      0.83      0.83      1000
           1       0.92      0.90      0.91      1000
           2       0.75      0.72      0.74      1000
           3       0.63      0.65      0.64      1000
           4       0.80      0.80      0.80      1000
           5       0.70      0.77      0.73      1000
           6       0.83      0.86      0.84      1000
           7       0.89      0.83      0.86      1000
           8       0.90      0.89      0.89      1000
           9       0.90      0.87      0.88      1000

    accuracy                           0.81     10000
   macro avg       0.81      0.81      0.81     10000
weighted avg       0.81      0.81      0.81     10000
