              precision    recall  f1-score   support

           0       0.54      0.64      0.58      1000
           1       0.63      0.70      0.66      1000
           2       0.48      0.45      0.47      1000
           3       0.46      0.30      0.36      1000
           4       0.54      0.42      0.47      1000
           5       0.50      0.50      0.50      1000
           6       0.55      0.69      0.61      1000
           7       0.64      0.58      0.61      1000
           8       0.63      0.73      0.68      1000
           9       0.62      0.63      0.62      1000

    accuracy                           0.56     10000
   macro avg       0.56      0.56      0.56     10000
weighted avg       0.56      0.56      0.56     10000
