              precision    recall  f1-score   support

           0       0.29      0.84      0.43      1000
           1       0.65      0.33      0.44      1000
           2       0.45      0.62      0.52      1000
           3       0.44      0.36      0.40      1000
           4       0.58      0.50      0.54      1000
           5       0.63      0.27      0.38      1000
           6       0.57      0.56      0.57      1000
           7       0.81      0.40      0.53      1000
           8       0.55      0.67      0.60      1000
           9       0.85      0.36      0.50      1000

    accuracy                           0.49     10000
   macro avg       0.58      0.49      0.49     10000
weighted avg       0.58      0.49      0.49     10000
