              precision    recall  f1-score   support

           0       0.57      0.60      0.58        52
           1       0.79      0.89      0.84        85
           2       0.88      0.70      0.78       152
           3       0.70      0.78      0.74        49
           4       0.65      0.65      0.65       114
           5       0.90      0.88      0.89        88
           6       0.92      0.83      0.87        96
           7       0.65      0.65      0.65        72
           8       0.51      0.44      0.47        72
           9       0.95      0.91      0.93       139
          10       0.77      0.65      0.71        75
          11       0.66      0.60      0.63        95
          12       0.86      0.69      0.76        87
          13       0.73      0.66      0.70        71
          14       0.62      0.63      0.62        59
          15       0.50      0.51      0.50        53
          16       0.57      0.70      0.63        57
          17       0.48      0.60      0.53        48
          18       0.67      0.69      0.68        51
          19       0.77      0.61      0.68       118
          20       0.68      0.44      0.53        82
          21       0.61      0.63      0.62        87
          22       0.81      0.84      0.83        88
          23       0.90      0.93      0.91        96
          24       0.51      0.84      0.64        51
          25       0.83      0.79      0.81       100
          26       0.72      0.73      0.73       132
          27       0.74      0.82      0.78        60
          28       0.51      0.56      0.53        55
          29       0.51      0.44      0.47        64
          30       0.85      0.83      0.84        82
          31       0.74      0.86      0.79        72
          32       0.67      0.59      0.63        79
          33       0.67      0.71      0.69        69
          34       0.57      0.65      0.61        72
          35       0.78      0.67      0.72        85
          36       0.46      0.56      0.51        64
          37       0.72      0.68      0.70        57
          38       0.57      0.48      0.52        97
          39       0.77      0.77      0.77       102
          40       0.71      0.74      0.72       102
          41       0.65      0.61      0.63        97
          42       0.62      0.58      0.60        96
          43       0.73      0.76      0.75        80
          44       0.88      0.79      0.83        82
          45       0.56      0.50      0.53        54
          46       0.51      0.61      0.56        57
          47       0.55      0.65      0.60        55
          48       0.69      0.69      0.69        58
          49       0.63      0.53      0.57       106
          50       0.55      0.53      0.54        83
          51       0.47      0.54      0.50        56
          52       0.78      0.75      0.76        69
          53       0.55      0.53      0.54        86
          54       0.60      0.77      0.67        52
          55       0.71      0.78      0.75        51
          56       0.59      0.80      0.68        50
          57       0.61      0.55      0.58        71
          58       0.68      0.78      0.72        67
          59       0.84      0.81      0.82        52
          60       0.75      0.78      0.76        54
          61       0.78      0.69      0.73        61
          62       0.80      0.85      0.82        55
          63       0.76      0.85      0.80        53
          64       0.65      0.77      0.70        52
          65       0.74      0.80      0.77        50
          66       0.82      0.78      0.80        59
          67       0.71      0.74      0.73        50
          68       0.72      0.56      0.63        59
          69       0.88      0.86      0.87        51
          70       0.68      0.72      0.70        50
          71       0.51      0.72      0.60        50
          72       0.71      0.74      0.73        54
          73       0.79      0.82      0.80        50
          74       0.71      0.88      0.79        50
          75       0.53      0.67      0.59        52
          76       0.64      0.60      0.62        53
          77       0.78      0.91      0.84        54
          78       0.79      0.78      0.79        69
          79       0.67      0.65      0.66        57
          80       0.55      0.45      0.49        53
          81       0.53      0.58      0.55        50
          82       0.42      0.62      0.50        50
          83       0.66      0.83      0.74        52
          84       0.76      0.65      0.70        52
          85       0.57      0.62      0.60        50
          86       0.76      0.73      0.74        84
          87       0.72      0.71      0.71        68
          88       0.88      0.76      0.82       118
          89       0.49      0.65      0.56        51
          90       0.77      0.76      0.77       102
          91       0.65      0.67      0.66        51
          92       0.76      0.84      0.80        56
          93       0.55      0.69      0.61        52
          94       0.67      0.73      0.70        59
          95       0.63      0.52      0.57        56
          96       0.89      0.96      0.92        70
          97       0.24      0.52      0.33        50
          98       0.66      0.55      0.60        78
          99       0.59      0.33      0.42        92
         100       0.67      0.70      0.69        50
         101       0.81      0.61      0.70       109
         102       0.92      0.78      0.84       100
         103       0.88      0.83      0.85       110
         104       0.72      0.57      0.64        95
         105       0.73      0.61      0.66       113
         106       0.82      0.75      0.79       118
         107       0.87      0.80      0.83       119
         108       0.81      0.86      0.84        96
         109       0.90      0.95      0.92        58
         110       0.75      0.87      0.81        53
         111       0.78      0.70      0.74        81
         112       0.48      0.53      0.50        55
         113       0.49      0.45      0.47        51
         114       0.42      0.35      0.38        55
         115       0.52      0.58      0.54        59
         116       0.69      0.76      0.72        55
         117       0.60      0.71      0.65        56
         118       0.65      0.84      0.73        50
         119       0.83      0.80      0.81        69

    accuracy                           0.70      8580
   macro avg       0.69      0.69      0.68      8580
weighted avg       0.71      0.70      0.70      8580
