              precision    recall  f1-score   support

           0       0.63      0.63      0.63        52
           1       0.82      0.84      0.83        85
           2       0.84      0.71      0.77       152
           3       0.80      0.80      0.80        49
           4       0.67      0.62      0.65       114
           5       0.92      0.86      0.89        88
           6       0.90      0.89      0.89        96
           7       0.77      0.69      0.73        72
           8       0.53      0.47      0.50        72
           9       0.98      0.86      0.91       139
          10       0.72      0.65      0.69        75
          11       0.65      0.69      0.67        95
          12       0.86      0.72      0.79        87
          13       0.74      0.69      0.72        71
          14       0.61      0.69      0.65        59
          15       0.44      0.49      0.46        53
          16       0.55      0.72      0.63        57
          17       0.53      0.60      0.56        48
          18       0.68      0.71      0.69        51
          19       0.76      0.55      0.64       118
          20       0.72      0.52      0.61        82
          21       0.68      0.59      0.63        87
          22       0.87      0.83      0.85        88
          23       0.90      0.92      0.91        96
          24       0.53      0.78      0.63        51
          25       0.89      0.72      0.80       100
          26       0.74      0.72      0.73       132
          27       0.74      0.85      0.79        60
          28       0.46      0.56      0.51        55
          29       0.47      0.44      0.45        64
          30       0.81      0.84      0.83        82
          31       0.75      0.90      0.82        72
          32       0.67      0.59      0.63        79
          33       0.62      0.67      0.64        69
          34       0.56      0.67      0.61        72
          35       0.73      0.62      0.67        85
          36       0.48      0.64      0.55        64
          37       0.61      0.70      0.65        57
          38       0.67      0.55      0.60        97
          39       0.81      0.77      0.79       102
          40       0.74      0.70      0.72       102
          41       0.78      0.70      0.74        97
          42       0.64      0.61      0.63        96
          43       0.71      0.78      0.74        80
          44       0.84      0.84      0.84        82
          45       0.68      0.52      0.59        54
          46       0.54      0.63      0.58        57
          47       0.56      0.65      0.61        55
          48       0.74      0.69      0.71        58
          49       0.74      0.58      0.65       106
          50       0.62      0.64      0.63        83
          51       0.55      0.59      0.57        56
          52       0.72      0.78      0.75        69
          53       0.45      0.59      0.51        86
          54       0.64      0.81      0.71        52
          55       0.67      0.80      0.73        51
          56       0.66      0.80      0.72        50
          57       0.68      0.54      0.60        71
          58       0.77      0.72      0.74        67
          59       0.83      0.77      0.80        52
          60       0.65      0.83      0.73        54
          61       0.82      0.74      0.78        61
          62       0.83      0.91      0.87        55
          63       0.80      0.75      0.78        53
          64       0.68      0.81      0.74        52
          65       0.81      0.88      0.85        50
          66       0.94      0.78      0.85        59
          67       0.73      0.76      0.75        50
          68       0.80      0.59      0.68        59
          69       0.92      0.88      0.90        51
          70       0.65      0.72      0.69        50
          71       0.48      0.60      0.54        50
          72       0.73      0.83      0.78        54
          73       0.78      0.94      0.85        50
          74       0.66      0.78      0.72        50
          75       0.64      0.65      0.65        52
          76       0.68      0.64      0.66        53
          77       0.80      0.89      0.84        54
          78       0.79      0.86      0.82        69
          79       0.67      0.60      0.63        57
          80       0.59      0.51      0.55        53
          81       0.54      0.76      0.63        50
          82       0.43      0.62      0.51        50
          83       0.64      0.85      0.73        52
          84       0.78      0.56      0.65        52
          85       0.66      0.54      0.59        50
          86       0.71      0.83      0.77        84
          87       0.79      0.68      0.73        68
          88       0.94      0.78      0.85       118
          89       0.47      0.69      0.56        51
          90       0.71      0.80      0.76       102
          91       0.67      0.59      0.62        51
          92       0.75      0.84      0.79        56
          93       0.64      0.81      0.71        52
          94       0.77      0.80      0.78        59
          95       0.68      0.48      0.56        56
          96       0.93      0.99      0.96        70
          97       0.29      0.42      0.34        50
          98       0.66      0.62      0.64        78
          99       0.58      0.49      0.53        92
         100       0.68      0.76      0.72        50
         101       0.82      0.63      0.72       109
         102       0.91      0.80      0.85       100
         103       0.88      0.86      0.87       110
         104       0.83      0.65      0.73        95
         105       0.68      0.60      0.64       113
         106       0.86      0.84      0.85       118
         107       0.91      0.81      0.86       119
         108       0.83      0.94      0.88        96
         109       0.85      0.95      0.89        58
         110       0.79      0.85      0.82        53
         111       0.70      0.75      0.73        81
         112       0.62      0.65      0.64        55
         113       0.44      0.45      0.45        51
         114       0.34      0.36      0.35        55
         115       0.47      0.31      0.37        59
         116       0.67      0.67      0.67        55
         117       0.58      0.71      0.64        56
         118       0.81      0.86      0.83        50
         119       0.83      0.87      0.85        69

    accuracy                           0.71      8580
   macro avg       0.70      0.71      0.70      8580
weighted avg       0.72      0.71      0.71      8580
