              precision    recall  f1-score   support

           0       0.38      0.56      0.45        52
           1       0.88      0.53      0.66        85
           2       0.93      0.28      0.43       152
           3       0.70      0.47      0.56        49
           4       0.75      0.11      0.18       114
           5       0.59      0.82      0.68        88
           6       0.97      0.60      0.74        96
           7       0.52      0.33      0.41        72
           8       0.30      0.25      0.27        72
           9       0.92      0.65      0.76       139
          10       0.28      0.65      0.40        75
          11       0.44      0.45      0.45        95
          12       0.34      0.55      0.42        87
          13       0.42      0.66      0.52        71
          14       0.35      0.85      0.50        59
          15       0.37      0.58      0.46        53
          16       0.80      0.35      0.49        57
          17       0.23      0.71      0.34        48
          18       0.58      0.14      0.22        51
          19       0.70      0.30      0.42       118
          20       0.62      0.24      0.35        82
          21       0.44      0.18      0.26        87
          22       0.83      0.56      0.67        88
          23       1.00      0.25      0.40        96
          24       0.27      0.86      0.42        51
          25       0.32      0.72      0.44       100
          26       0.83      0.36      0.51       132
          27       0.66      0.67      0.66        60
          28       0.57      0.07      0.13        55
          29       0.48      0.22      0.30        64
          30       0.67      0.73      0.70        82
          31       0.43      0.60      0.50        72
          32       0.62      0.58      0.60        79
          33       0.30      0.09      0.13        69
          34       0.47      0.38      0.42        72
          35       0.35      0.24      0.28        85
          36       0.41      0.42      0.42        64
          37       1.00      0.14      0.25        57
          38       0.27      0.09      0.14        97
          39       0.78      0.75      0.76       102
          40       0.20      0.88      0.33       102
          41       0.60      0.28      0.38        97
          42       0.42      0.73      0.53        96
          43       0.66      0.59      0.62        80
          44       0.79      0.38      0.51        82
          45       0.45      0.09      0.15        54
          46       0.35      0.56      0.43        57
          47       0.26      0.67      0.37        55
          48       0.73      0.71      0.72        58
          49       0.47      0.53      0.50       106
          50       0.58      0.42      0.49        83
          51       0.25      0.50      0.33        56
          52       0.68      0.61      0.64        69
          53       0.27      0.35      0.30        86
          54       0.51      0.67      0.58        52
          55       0.41      0.75      0.53        51
          56       0.51      0.44      0.47        50
          57       0.67      0.37      0.47        71
          58       0.84      0.24      0.37        67
          59       0.74      0.33      0.45        52
          60       0.41      0.46      0.43        54
          61       0.62      0.30      0.40        61
          62       0.58      0.65      0.62        55
          63       0.51      0.55      0.53        53
          64       0.80      0.15      0.26        52
          65       0.81      0.60      0.69        50
          66       0.93      0.68      0.78        59
          67       0.56      0.40      0.47        50
          68       0.75      0.20      0.32        59
          69       0.90      0.71      0.79        51
          70       0.73      0.44      0.55        50
          71       0.34      0.54      0.42        50
          72       0.43      0.81      0.56        54
          73       0.50      0.50      0.50        50
          74       0.17      0.80      0.27        50
          75       0.49      0.33      0.39        52
          76       0.46      0.45      0.46        53
          77       0.70      0.83      0.76        54
          78       0.40      0.83      0.54        69
          79       0.43      0.46      0.44        57
          80       0.32      0.53      0.40        53
          81       0.73      0.32      0.44        50
          82       0.49      0.46      0.47        50
          83       0.80      0.31      0.44        52
          84       0.29      0.67      0.40        52
          85       0.27      0.62      0.38        50
          86       0.68      0.48      0.56        84
          87       0.38      0.34      0.36        68
          88       0.88      0.45      0.60       118
          89       0.35      0.14      0.20        51
          90       0.59      0.50      0.54       102
          91       0.42      0.53      0.47        51
          92       0.62      0.50      0.55        56
          93       0.59      0.62      0.60        52
          94       0.54      0.54      0.54        59
          95       0.27      0.45      0.34        56
          96       0.85      0.64      0.73        70
          97       0.26      0.14      0.18        50
          98       0.46      0.45      0.45        78
          99       0.55      0.12      0.20        92
         100       0.70      0.38      0.49        50
         101       0.81      0.31      0.45       109
         102       0.77      0.36      0.49       100
         103       0.80      0.69      0.74       110
         104       0.60      0.16      0.25        95
         105       0.43      0.49      0.45       113
         106       0.78      0.54      0.64       118
         107       0.97      0.51      0.67       119
         108       0.86      0.76      0.81        96
         109       0.77      0.62      0.69        58
         110       0.45      0.70      0.55        53
         111       0.77      0.41      0.53        81
         112       0.65      0.36      0.47        55
         113       0.37      0.37      0.37        51
         114       0.39      0.27      0.32        55
         115       0.26      0.51      0.34        59
         116       0.80      0.58      0.67        55
         117       0.27      0.36      0.31        56
         118       0.21      0.92      0.34        50
         119       0.58      0.75      0.66        69

    accuracy                           0.47      8580
   macro avg       0.56      0.48      0.47      8580
weighted avg       0.59      0.47      0.48      8580
