              precision    recall  f1-score   support

           0       0.83      0.86      0.85      1000
           1       0.92      0.90      0.91      1000
           2       0.79      0.78      0.79      1000
           3       0.74      0.70      0.72      1000
           4       0.86      0.84      0.85      1000
           5       0.76      0.80      0.78      1000
           6       0.87      0.91      0.89      1000
           7       0.88      0.85      0.87      1000
           8       0.88      0.90      0.89      1000
           9       0.90      0.88      0.89      1000

    accuracy                           0.84     10000
   macro avg       0.84      0.84      0.84     10000
weighted avg       0.84      0.84      0.84     10000
