              precision    recall  f1-score   support

           0       0.00      0.00      0.00        52
           1       0.00      0.00      0.00        85
           2       0.06      0.08      0.07       152
           3       0.00      0.00      0.00        49
           4       0.00      0.00      0.00       114
           5       0.42      0.06      0.10        88
           6       0.80      0.04      0.08        96
           7       0.05      0.12      0.07        72
           8       0.00      0.00      0.00        72
           9       0.50      0.01      0.01       139
          10       0.00      0.00      0.00        75
          11       0.00      0.00      0.00        95
          12       0.00      0.00      0.00        87
          13       0.07      0.01      0.02        71
          14       0.11      0.02      0.03        59
          15       0.07      0.25      0.11        53
          16       0.12      0.05      0.07        57
          17       0.08      0.04      0.05        48
          18       0.08      0.20      0.12        51
          19       0.12      0.01      0.02       118
          20       0.04      0.09      0.06        82
          21       0.07      0.01      0.02        87
          22       0.24      0.23      0.23        88
          23       0.33      0.02      0.04        96
          24       0.05      0.06      0.06        51
          25       0.00      0.00      0.00       100
          26       0.08      0.02      0.03       132
          27       0.06      0.03      0.04        60
          28       0.06      0.02      0.03        55
          29       0.00      0.00      0.00        64
          30       0.19      0.15      0.17        82
          31       0.00      0.00      0.00        72
          32       0.04      0.03      0.03        79
          33       0.00      0.00      0.00        69
          34       0.02      0.01      0.02        72
          35       0.00      0.00      0.00        85
          36       0.00      0.00      0.00        64
          37       0.19      0.16      0.17        57
          38       0.04      0.19      0.06        97
          39       0.36      0.28      0.32       102
          40       0.00      0.00      0.00       102
          41       0.00      0.00      0.00        97
          42       0.25      0.02      0.04        96
          43       0.07      0.01      0.02        80
          44       0.00      0.00      0.00        82
          45       0.00      0.00      0.00        54
          46       0.04      0.12      0.06        57
          47       0.00      0.00      0.00        55
          48       0.09      0.12      0.11        58
          49       0.11      0.13      0.12       106
          50       0.00      0.00      0.00        83
          51       0.03      0.04      0.03        56
          52       0.17      0.10      0.13        69
          53       0.00      0.00      0.00        86
          54       0.03      0.02      0.02        52
          55       0.01      0.02      0.02        51
          56       0.00      0.00      0.00        50
          57       0.00      0.00      0.00        71
          58       0.07      0.03      0.04        67
          59       0.08      0.06      0.07        52
          60       0.10      0.07      0.09        54
          61       0.00      0.00      0.00        61
          62       0.07      0.04      0.05        55
          63       0.00      0.00      0.00        53
          64       0.03      0.02      0.02        52
          65       0.18      0.10      0.13        50
          66       0.27      0.07      0.11        59
          67       0.00      0.00      0.00        50
          68       0.05      0.10      0.07        59
          69       0.43      0.06      0.10        51
          70       0.03      0.26      0.06        50
          71       0.06      0.14      0.09        50
          72       0.21      0.11      0.15        54
          73       0.07      0.08      0.08        50
          74       0.00      0.00      0.00        50
          75       0.00      0.00      0.00        52
          76       0.20      0.04      0.06        53
          77       0.11      0.63      0.18        54
          78       0.29      0.03      0.05        69
          79       0.07      0.04      0.05        57
          80       0.00      0.00      0.00        53
          81       0.00      0.00      0.00        50
          82       0.02      0.06      0.03        50
          83       0.25      0.02      0.04        52
          84       0.00      0.00      0.00        52
          85       0.10      0.04      0.06        50
          86       0.20      0.10      0.13        84
          87       0.17      0.01      0.03        68
          88       0.22      0.04      0.07       118
          89       0.00      0.00      0.00        51
          90       0.00      0.00      0.00       102
          91       0.00      0.00      0.00        51
          92       0.00      0.00      0.00        56
          93       0.00      0.00      0.00        52
          94       0.05      0.02      0.03        59
          95       0.00      0.00      0.00        56
          96       0.10      0.03      0.04        70
          97       0.01      0.02      0.02        50
          98       0.00      0.00      0.00        78
          99       0.09      0.07      0.08        92
         100       0.01      0.02      0.01        50
         101       0.11      0.04      0.05       109
         102       0.08      0.04      0.05       100
         103       0.33      0.04      0.07       110
         104       0.02      0.52      0.04        95
         105       0.05      0.04      0.04       113
         106       0.22      0.19      0.20       118
         107       0.07      0.12      0.09       119
         108       0.24      0.10      0.14        96
         109       0.10      0.02      0.03        58
         110       0.00      0.00      0.00        53
         111       0.08      0.01      0.02        81
         112       0.00      0.00      0.00        55
         113       0.00      0.00      0.00        51
         114       0.04      0.07      0.05        55
         115       0.00      0.00      0.00        59
         116       0.10      0.09      0.10        55
         117       0.07      0.02      0.03        56
         118       0.00      0.00      0.00        50
         119       0.05      0.14      0.08        69

    accuracy                           0.06      8580
   macro avg       0.08      0.05      0.05      8580
weighted avg       0.10      0.06      0.05      8580
