              precision    recall  f1-score   support

           0       0.47      0.46      0.47        52
           1       0.85      0.81      0.83        85
           2       0.87      0.68      0.76       152
           3       0.61      0.73      0.67        49
           4       0.63      0.61      0.62       114
           5       0.83      0.84      0.84        88
           6       0.89      0.88      0.88        96
           7       0.63      0.60      0.61        72
           8       0.52      0.39      0.44        72
           9       0.97      0.82      0.89       139
          10       0.70      0.60      0.65        75
          11       0.73      0.57      0.64        95
          12       0.80      0.70      0.75        87
          13       0.76      0.62      0.68        71
          14       0.56      0.68      0.62        59
          15       0.39      0.42      0.40        53
          16       0.47      0.61      0.53        57
          17       0.43      0.58      0.50        48
          18       0.78      0.69      0.73        51
          19       0.78      0.64      0.70       118
          20       0.62      0.45      0.52        82
          21       0.65      0.52      0.58        87
          22       0.78      0.77      0.78        88
          23       0.80      0.90      0.85        96
          24       0.51      0.82      0.63        51
          25       0.84      0.68      0.75       100
          26       0.76      0.73      0.74       132
          27       0.74      0.80      0.77        60
          28       0.55      0.56      0.56        55
          29       0.51      0.42      0.46        64
          30       0.71      0.85      0.78        82
          31       0.74      0.81      0.77        72
          32       0.76      0.61      0.68        79
          33       0.63      0.62      0.63        69
          34       0.50      0.65      0.57        72
          35       0.72      0.59      0.65        85
          36       0.47      0.59      0.52        64
          37       0.61      0.63      0.62        57
          38       0.63      0.43      0.51        97
          39       0.77      0.74      0.75       102
          40       0.70      0.70      0.70       102
          41       0.69      0.64      0.66        97
          42       0.56      0.57      0.57        96
          43       0.71      0.75      0.73        80
          44       0.77      0.78      0.78        82
          45       0.53      0.52      0.52        54
          46       0.57      0.67      0.61        57
          47       0.55      0.62      0.58        55
          48       0.71      0.71      0.71        58
          49       0.72      0.59      0.65       106
          50       0.67      0.59      0.63        83
          51       0.47      0.57      0.52        56
          52       0.68      0.71      0.70        69
          53       0.47      0.49      0.48        86
          54       0.51      0.75      0.60        52
          55       0.70      0.84      0.77        51
          56       0.55      0.80      0.65        50
          57       0.61      0.46      0.53        71
          58       0.74      0.73      0.74        67
          59       0.83      0.75      0.79        52
          60       0.65      0.76      0.70        54
          61       0.71      0.75      0.73        61
          62       0.83      0.82      0.83        55
          63       0.78      0.79      0.79        53
          64       0.61      0.83      0.70        52
          65       0.65      0.82      0.73        50
          66       0.81      0.71      0.76        59
          67       0.76      0.74      0.75        50
          68       0.71      0.49      0.58        59
          69       0.84      0.84      0.84        51
          70       0.59      0.66      0.62        50
          71       0.53      0.70      0.60        50
          72       0.75      0.80      0.77        54
          73       0.76      0.84      0.80        50
          74       0.71      0.82      0.76        50
          75       0.60      0.65      0.62        52
          76       0.61      0.66      0.64        53
          77       0.72      0.87      0.79        54
          78       0.69      0.81      0.75        69
          79       0.70      0.61      0.65        57
          80       0.57      0.49      0.53        53
          81       0.56      0.62      0.59        50
          82       0.37      0.54      0.44        50
          83       0.64      0.71      0.67        52
          84       0.57      0.52      0.55        52
          85       0.56      0.54      0.55        50
          86       0.73      0.74      0.73        84
          87       0.65      0.65      0.65        68
          88       0.86      0.81      0.83       118
          89       0.54      0.61      0.57        51
          90       0.69      0.73      0.70       102
          91       0.52      0.61      0.56        51
          92       0.69      0.77      0.73        56
          93       0.59      0.69      0.64        52
          94       0.76      0.76      0.76        59
          95       0.60      0.48      0.53        56
          96       0.93      0.94      0.94        70
          97       0.24      0.46      0.32        50
          98       0.61      0.53      0.57        78
          99       0.51      0.33      0.40        92
         100       0.71      0.72      0.71        50
         101       0.79      0.65      0.71       109
         102       0.82      0.70      0.76       100
         103       0.86      0.82      0.84       110
         104       0.67      0.59      0.63        95
         105       0.75      0.63      0.68       113
         106       0.82      0.84      0.83       118
         107       0.89      0.83      0.86       119
         108       0.78      0.86      0.82        96
         109       0.87      0.90      0.88        58
         110       0.64      0.81      0.72        53
         111       0.81      0.72      0.76        81
         112       0.48      0.56      0.52        55
         113       0.51      0.55      0.53        51
         114       0.33      0.33      0.33        55
         115       0.49      0.42      0.45        59
         116       0.67      0.73      0.70        55
         117       0.59      0.66      0.62        56
         118       0.68      0.82      0.75        50
         119       0.77      0.86      0.81        69

    accuracy                           0.68      8580
   macro avg       0.67      0.67      0.66      8580
weighted avg       0.69      0.68      0.68      8580
