              precision    recall  f1-score   support

           0       0.88      0.88      0.88      1000
           1       0.93      0.96      0.94      1000
           2       0.82      0.84      0.83      1000
           3       0.78      0.73      0.75      1000
           4       0.87      0.85      0.86      1000
           5       0.79      0.84      0.81      1000
           6       0.88      0.90      0.89      1000
           7       0.92      0.89      0.91      1000
           8       0.92      0.93      0.93      1000
           9       0.93      0.90      0.92      1000

    accuracy                           0.87     10000
   macro avg       0.87      0.87      0.87     10000
weighted avg       0.87      0.87      0.87     10000
