              precision    recall  f1-score   support

           0       0.87      0.89      0.88      1000
           1       0.94      0.95      0.95      1000
           2       0.84      0.82      0.83      1000
           3       0.79      0.76      0.77      1000
           4       0.88      0.88      0.88      1000
           5       0.81      0.82      0.82      1000
           6       0.90      0.93      0.91      1000
           7       0.92      0.89      0.90      1000
           8       0.92      0.94      0.93      1000
           9       0.93      0.94      0.94      1000

    accuracy                           0.88     10000
   macro avg       0.88      0.88      0.88     10000
weighted avg       0.88      0.88      0.88     10000
