              precision    recall  f1-score   support

           0       0.11      0.06      0.08        52
           1       0.21      0.07      0.11        85
           2       0.04      0.20      0.07       152
           3       0.02      0.16      0.04        49
           4       0.06      0.04      0.04       114
           5       0.14      0.39      0.21        88
           6       0.45      0.05      0.09        96
           7       0.00      0.00      0.00        72
           8       0.08      0.03      0.04        72
           9       0.26      0.19      0.22       139
          10       0.17      0.01      0.02        75
          11       0.22      0.02      0.04        95
          12       0.33      0.05      0.08        87
          13       0.00      0.00      0.00        71
          14       0.00      0.00      0.00        59
          15       0.00      0.00      0.00        53
          16       0.25      0.25      0.25        57
          17       0.10      0.04      0.06        48
          18       0.11      0.20      0.14        51
          19       0.09      0.01      0.02       118
          20       0.09      0.04      0.05        82
          21       0.16      0.08      0.11        87
          22       0.20      0.23      0.21        88
          23       0.50      0.01      0.02        96
          24       0.05      0.10      0.06        51
          25       0.18      0.06      0.09       100
          26       0.38      0.05      0.08       132
          27       0.14      0.07      0.09        60
          28       0.00      0.00      0.00        55
          29       0.08      0.02      0.03        64
          30       0.16      0.07      0.10        82
          31       0.00      0.00      0.00        72
          32       0.08      0.03      0.04        79
          33       0.22      0.06      0.09        69
          34       0.09      0.03      0.04        72
          35       0.10      0.06      0.07        85
          36       0.29      0.06      0.10        64
          37       0.27      0.05      0.09        57
          38       0.16      0.10      0.13        97
          39       0.08      0.33      0.13       102
          40       0.25      0.01      0.02       102
          41       0.13      0.03      0.05        97
          42       0.43      0.03      0.06        96
          43       0.17      0.03      0.04        80
          44       0.50      0.01      0.02        82
          45       0.00      0.00      0.00        54
          46       0.00      0.00      0.00        57
          47       0.00      0.00      0.00        55
          48       0.00      0.00      0.00        58
          49       0.05      0.01      0.02       106
          50       0.20      0.01      0.02        83
          51       0.07      0.12      0.09        56
          52       0.22      0.14      0.18        69
          53       0.05      0.02      0.03        86
          54       0.00      0.00      0.00        52
          55       0.00      0.00      0.00        51
          56       0.19      0.22      0.21        50
          57       0.12      0.03      0.05        71
          58       0.06      0.06      0.06        67
          59       0.00      0.00      0.00        52
          60       0.36      0.24      0.29        54
          61       0.11      0.02      0.03        61
          62       0.15      0.04      0.06        55
          63       0.50      0.02      0.04        53
          64       0.08      0.13      0.10        52
          65       0.06      0.30      0.10        50
          66       0.25      0.02      0.03        59
          67       0.00      0.00      0.00        50
          68       0.17      0.05      0.08        59
          69       0.58      0.22      0.31        51
          70       0.06      0.10      0.08        50
          71       0.05      0.08      0.06        50
          72       0.18      0.06      0.08        54
          73       0.20      0.02      0.04        50
          74       0.00      0.00      0.00        50
          75       0.07      0.10      0.08        52
          76       0.00      0.00      0.00        53
          77       0.27      0.48      0.34        54
          78       0.04      0.01      0.02        69
          79       0.50      0.12      0.20        57
          80       0.67      0.04      0.07        53
          81       0.00      0.00      0.00        50
          82       0.00      0.00      0.00        50
          83       0.00      0.00      0.00        52
          84       0.00      0.00      0.00        52
          85       0.00      0.00      0.00        50
          86       0.17      0.01      0.02        84
          87       0.01      0.06      0.02        68
          88       0.00      0.00      0.00       118
          89       0.00      0.00      0.00        51
          90       0.00      0.00      0.00       102
          91       0.12      0.02      0.03        51
          92       0.00      0.00      0.00        56
          93       0.00      0.00      0.00        52
          94       0.03      0.03      0.03        59
          95       0.00      0.00      0.00        56
          96       0.00      0.00      0.00        70
          97       0.07      0.04      0.05        50
          98       0.18      0.03      0.04        78
          99       0.14      0.05      0.08        92
         100       0.09      0.02      0.03        50
         101       0.29      0.13      0.18       109
         102       0.07      0.05      0.06       100
         103       0.24      0.12      0.16       110
         104       0.04      0.12      0.05        95
         105       0.03      0.35      0.06       113
         106       0.05      0.30      0.09       118
         107       0.11      0.48      0.17       119
         108       0.26      0.05      0.09        96
         109       1.00      0.02      0.03        58
         110       0.05      0.02      0.03        53
         111       0.22      0.05      0.08        81
         112       0.00      0.00      0.00        55
         113       0.01      0.04      0.02        51
         114       0.03      0.09      0.05        55
         115       0.02      0.10      0.04        59
         116       0.06      0.05      0.06        55
         117       0.12      0.04      0.06        56
         118       0.15      0.10      0.12        50
         119       0.09      0.13      0.11        69

    accuracy                           0.08      8580
   macro avg       0.14      0.07      0.06      8580
weighted avg       0.14      0.08      0.07      8580
