              precision    recall  f1-score   support

           0       0.77      0.83      0.80      1000
           1       0.91      0.93      0.92      1000
           2       0.68      0.76      0.72      1000
           3       0.73      0.54      0.62      1000
           4       0.79      0.74      0.76      1000
           5       0.73      0.78      0.75      1000
           6       0.83      0.88      0.85      1000
           7       0.87      0.80      0.83      1000
           8       0.85      0.91      0.88      1000
           9       0.90      0.90      0.90      1000

    accuracy                           0.81     10000
   macro avg       0.81      0.81      0.80     10000
weighted avg       0.81      0.81      0.80     10000
