brightness: [80.55, 80.15, 79.36, 78.23, 74.43]
contrast: [78.92, 69.27, 59.54, 43.15, 18.21]
defocus_blur: [80.32, 76.39, 66.97, 54.32, 34.11]
elastic_transform: [71.99, 70.97, 65.43, 62.89, 61.22]
fog: [79.69, 76.67, 72.47, 67.36, 53.06]
frost: [73.8, 65.11, 52.26, 51.22, 40.47]
gaussian_blur: [80.36, 66.69, 55.0, 43.47, 28.21]
gaussian_noise: [60.08, 38.92, 24.8, 20.6, 17.71]
glass_blur: [30.11, 31.68, 37.06, 25.77, 28.73]
impulse_noise: [72.86, 58.23, 42.79, 20.46, 13.65]
jpeg_compression: [75.12, 71.21, 69.64, 67.76, 65.77]
motion_blur: [71.05, 60.2, 50.21, 49.4, 41.14]
pixelate: [77.42, 70.8, 66.39, 48.58, 36.96]
saturate: [78.32, 76.82, 80.56, 78.68, 75.37]
shot_noise: [68.82, 58.04, 35.32, 28.24, 20.63]
snow: [73.52, 55.12, 62.55, 60.2, 53.28]
spatter: [77.59, 72.24, 66.46, 73.29, 65.39]
speckle_noise: [68.92, 52.73, 45.3, 31.87, 22.82]
zoom_blur: [66.33, 62.12, 54.98, 49.53, 41.28]
