              precision    recall  f1-score   support

           0       0.19      0.19      0.19        52
           1       0.70      0.78      0.74        85
           2       0.65      0.51      0.57       152
           3       0.48      0.61      0.54        49
           4       0.53      0.35      0.42       114
           5       0.67      0.66      0.67        88
           6       0.76      0.70      0.73        96
           7       0.54      0.53      0.54        72
           8       0.19      0.15      0.17        72
           9       0.75      0.49      0.59       139
          10       0.43      0.39      0.41        75
          11       0.45      0.41      0.43        95
          12       0.55      0.44      0.49        87
          13       0.50      0.48      0.49        71
          14       0.51      0.51      0.51        59
          15       0.37      0.49      0.42        53
          16       0.43      0.54      0.48        57
          17       0.30      0.31      0.31        48
          18       0.26      0.37      0.30        51
          19       0.39      0.28      0.33       118
          20       0.29      0.24      0.26        82
          21       0.35      0.26      0.30        87
          22       0.61      0.67      0.64        88
          23       0.70      0.68      0.69        96
          24       0.38      0.63      0.47        51
          25       0.39      0.33      0.36       100
          26       0.56      0.50      0.53       132
          27       0.46      0.58      0.51        60
          28       0.27      0.22      0.24        55
          29       0.23      0.14      0.17        64
          30       0.63      0.68      0.65        82
          31       0.63      0.60      0.61        72
          32       0.56      0.51      0.53        79
          33       0.48      0.52      0.50        69
          34       0.51      0.49      0.50        72
          35       0.42      0.45      0.43        85
          36       0.32      0.36      0.34        64
          37       0.62      0.65      0.63        57
          38       0.42      0.31      0.36        97
          39       0.64      0.67      0.65       102
          40       0.58      0.55      0.57       102
          41       0.42      0.37      0.39        97
          42       0.52      0.49      0.51        96
          43       0.57      0.56      0.57        80
          44       0.66      0.55      0.60        82
          45       0.33      0.35      0.34        54
          46       0.30      0.35      0.33        57
          47       0.29      0.35      0.32        55
          48       0.49      0.57      0.52        58
          49       0.61      0.50      0.55       106
          50       0.53      0.46      0.49        83
          51       0.38      0.36      0.37        56
          52       0.49      0.52      0.50        69
          53       0.43      0.44      0.43        86
          54       0.29      0.37      0.32        52
          55       0.46      0.53      0.49        51
          56       0.53      0.64      0.58        50
          57       0.47      0.38      0.42        71
          58       0.39      0.49      0.44        67
          59       0.54      0.54      0.54        52
          60       0.43      0.61      0.50        54
          61       0.33      0.23      0.27        61
          62       0.59      0.65      0.62        55
          63       0.44      0.58      0.50        53
          64       0.44      0.50      0.47        52
          65       0.53      0.72      0.61        50
          66       0.57      0.75      0.65        59
          67       0.41      0.48      0.44        50
          68       0.35      0.34      0.34        59
          69       0.69      0.78      0.73        51
          70       0.55      0.56      0.55        50
          71       0.44      0.52      0.48        50
          72       0.55      0.61      0.58        54
          73       0.43      0.54      0.48        50
          74       0.43      0.50      0.46        50
          75       0.29      0.46      0.36        52
          76       0.22      0.28      0.25        53
          77       0.69      0.67      0.68        54
          78       0.52      0.67      0.59        69
          79       0.50      0.51      0.50        57
          80       0.32      0.36      0.34        53
          81       0.40      0.46      0.43        50
          82       0.35      0.44      0.39        50
          83       0.44      0.58      0.50        52
          84       0.44      0.50      0.47        52
          85       0.37      0.46      0.41        50
          86       0.59      0.52      0.55        84
          87       0.48      0.57      0.52        68
          88       0.81      0.63      0.71       118
          89       0.29      0.51      0.37        51
          90       0.68      0.54      0.60       102
          91       0.40      0.41      0.40        51
          92       0.64      0.62      0.63        56
          93       0.30      0.27      0.29        52
          94       0.40      0.49      0.44        59
          95       0.32      0.32      0.32        56
          96       0.79      0.91      0.85        70
          97       0.16      0.22      0.18        50
          98       0.40      0.46      0.43        78
          99       0.36      0.28      0.32        92
         100       0.36      0.36      0.36        50
         101       0.58      0.48      0.52       109
         102       0.61      0.51      0.56       100
         103       0.74      0.79      0.77       110
         104       0.51      0.32      0.39        95
         105       0.51      0.45      0.48       113
         106       0.68      0.68      0.68       118
         107       0.81      0.60      0.69       119
         108       0.70      0.61      0.66        96
         109       0.64      0.78      0.70        58
         110       0.55      0.60      0.58        53
         111       0.55      0.48      0.51        81
         112       0.31      0.35      0.33        55
         113       0.18      0.18      0.18        51
         114       0.20      0.20      0.20        55
         115       0.11      0.08      0.09        59
         116       0.56      0.64      0.60        55
         117       0.58      0.54      0.56        56
         118       0.55      0.72      0.63        50
         119       0.65      0.74      0.69        69

    accuracy                           0.49      8580
   macro avg       0.48      0.49      0.48      8580
weighted avg       0.50      0.49      0.49      8580
