              precision    recall  f1-score   support

           0       0.18      0.19      0.19        52
           1       0.74      0.80      0.77        85
           2       0.71      0.52      0.60       152
           3       0.46      0.61      0.53        49
           4       0.42      0.34      0.38       114
           5       0.70      0.75      0.73        88
           6       0.73      0.74      0.74        96
           7       0.48      0.57      0.52        72
           8       0.24      0.21      0.22        72
           9       0.81      0.64      0.71       139
          10       0.43      0.47      0.45        75
          11       0.52      0.36      0.42        95
          12       0.57      0.54      0.55        87
          13       0.62      0.58      0.60        71
          14       0.46      0.44      0.45        59
          15       0.41      0.53      0.46        53
          16       0.48      0.54      0.51        57
          17       0.40      0.46      0.43        48
          18       0.33      0.35      0.34        51
          19       0.46      0.38      0.42       118
          20       0.36      0.29      0.32        82
          21       0.34      0.31      0.33        87
          22       0.56      0.65      0.60        88
          23       0.68      0.72      0.70        96
          24       0.40      0.69      0.51        51
          25       0.39      0.36      0.38       100
          26       0.59      0.48      0.53       132
          27       0.51      0.62      0.56        60
          28       0.24      0.24      0.24        55
          29       0.21      0.19      0.20        64
          30       0.64      0.68      0.66        82
          31       0.68      0.71      0.69        72
          32       0.59      0.56      0.57        79
          33       0.40      0.49      0.44        69
          34       0.45      0.46      0.46        72
          35       0.43      0.44      0.43        85
          36       0.37      0.50      0.42        64
          37       0.59      0.58      0.58        57
          38       0.42      0.25      0.31        97
          39       0.54      0.53      0.53       102
          40       0.58      0.49      0.53       102
          41       0.45      0.35      0.39        97
          42       0.54      0.51      0.53        96
          43       0.54      0.47      0.51        80
          44       0.63      0.62      0.63        82
          45       0.32      0.31      0.32        54
          46       0.28      0.39      0.32        57
          47       0.44      0.51      0.47        55
          48       0.54      0.50      0.52        58
          49       0.53      0.47      0.50       106
          50       0.57      0.47      0.51        83
          51       0.42      0.39      0.41        56
          52       0.53      0.58      0.55        69
          53       0.39      0.38      0.39        86
          54       0.31      0.38      0.34        52
          55       0.57      0.63      0.60        51
          56       0.47      0.54      0.50        50
          57       0.50      0.41      0.45        71
          58       0.44      0.48      0.46        67
          59       0.45      0.48      0.46        52
          60       0.47      0.70      0.57        54
          61       0.42      0.44      0.43        61
          62       0.60      0.69      0.64        55
          63       0.52      0.72      0.60        53
          64       0.53      0.60      0.56        52
          65       0.62      0.82      0.71        50
          66       0.65      0.59      0.62        59
          67       0.45      0.54      0.49        50
          68       0.43      0.34      0.38        59
          69       0.65      0.82      0.72        51
          70       0.56      0.60      0.58        50
          71       0.38      0.50      0.43        50
          72       0.62      0.69      0.65        54
          73       0.42      0.44      0.43        50
          74       0.37      0.48      0.42        50
          75       0.34      0.48      0.40        52
          76       0.38      0.36      0.37        53
          77       0.60      0.78      0.68        54
          78       0.62      0.65      0.64        69
          79       0.50      0.53      0.51        57
          80       0.35      0.40      0.37        53
          81       0.31      0.34      0.33        50
          82       0.39      0.46      0.42        50
          83       0.38      0.52      0.44        52
          84       0.47      0.50      0.49        52
          85       0.32      0.44      0.37        50
          86       0.66      0.46      0.55        84
          87       0.51      0.60      0.55        68
          88       0.79      0.66      0.72       118
          89       0.31      0.41      0.35        51
          90       0.70      0.62      0.66       102
          91       0.40      0.39      0.40        51
          92       0.64      0.52      0.57        56
          93       0.41      0.40      0.41        52
          94       0.37      0.34      0.35        59
          95       0.31      0.29      0.30        56
          96       0.81      0.91      0.86        70
          97       0.21      0.30      0.25        50
          98       0.49      0.50      0.49        78
          99       0.38      0.28      0.33        92
         100       0.39      0.46      0.42        50
         101       0.60      0.53      0.57       109
         102       0.71      0.57      0.63       100
         103       0.78      0.78      0.78       110
         104       0.55      0.38      0.45        95
         105       0.52      0.50      0.51       113
         106       0.70      0.68      0.69       118
         107       0.84      0.70      0.76       119
         108       0.75      0.67      0.71        96
         109       0.75      0.78      0.76        58
         110       0.62      0.70      0.65        53
         111       0.53      0.44      0.48        81
         112       0.29      0.36      0.33        55
         113       0.21      0.25      0.23        51
         114       0.25      0.18      0.21        55
         115       0.12      0.08      0.10        59
         116       0.60      0.60      0.60        55
         117       0.54      0.50      0.52        56
         118       0.57      0.70      0.63        50
         119       0.73      0.80      0.76        69

    accuracy                           0.51      8580
   macro avg       0.50      0.51      0.50      8580
weighted avg       0.52      0.51      0.51      8580
