              precision    recall  f1-score   support

           0       0.08      0.12      0.09        52
           1       0.32      0.53      0.40        85
           2       0.39      0.20      0.27       152
           3       0.15      0.35      0.20        49
           4       0.29      0.13      0.18       114
           5       0.45      0.39      0.42        88
           6       0.48      0.39      0.43        96
           7       0.28      0.28      0.28        72
           8       0.08      0.08      0.08        72
           9       0.43      0.30      0.36       139
          10       0.16      0.15      0.15        75
          11       0.29      0.12      0.17        95
          12       0.45      0.15      0.22        87
          13       0.22      0.30      0.25        71
          14       0.20      0.24      0.22        59
          15       0.18      0.28      0.22        53
          16       0.31      0.32      0.31        57
          17       0.12      0.12      0.12        48
          18       0.21      0.14      0.17        51
          19       0.14      0.05      0.07       118
          20       0.21      0.09      0.12        82
          21       0.04      0.02      0.03        87
          22       0.37      0.28      0.32        88
          23       0.37      0.44      0.40        96
          24       0.22      0.41      0.29        51
          25       0.20      0.14      0.16       100
          26       0.38      0.24      0.29       132
          27       0.29      0.27      0.28        60
          28       0.23      0.09      0.13        55
          29       0.06      0.03      0.04        64
          30       0.44      0.28      0.34        82
          31       0.33      0.29      0.31        72
          32       0.32      0.15      0.21        79
          33       0.28      0.14      0.19        69
          34       0.17      0.26      0.21        72
          35       0.24      0.18      0.20        85
          36       0.29      0.31      0.30        64
          37       0.22      0.21      0.21        57
          38       0.23      0.12      0.16        97
          39       0.40      0.19      0.26       102
          40       0.27      0.17      0.20       102
          41       0.22      0.20      0.21        97
          42       0.32      0.20      0.25        96
          43       0.19      0.23      0.21        80
          44       0.32      0.29      0.31        82
          45       0.16      0.17      0.16        54
          46       0.10      0.12      0.11        57
          47       0.12      0.11      0.11        55
          48       0.24      0.34      0.28        58
          49       0.27      0.30      0.28       106
          50       0.36      0.35      0.35        83
          51       0.18      0.20      0.19        56
          52       0.17      0.20      0.19        69
          53       0.22      0.28      0.24        86
          54       0.13      0.13      0.13        52
          55       0.20      0.22      0.21        51
          56       0.11      0.26      0.15        50
          57       0.27      0.18      0.22        71
          58       0.22      0.13      0.17        67
          59       0.23      0.21      0.22        52
          60       0.32      0.39      0.35        54
          61       0.12      0.15      0.13        61
          62       0.26      0.42      0.32        55
          63       0.20      0.28      0.24        53
          64       0.17      0.35      0.23        52
          65       0.28      0.38      0.32        50
          66       0.30      0.31      0.30        59
          67       0.18      0.24      0.20        50
          68       0.12      0.15      0.13        59
          69       0.29      0.45      0.35        51
          70       0.23      0.26      0.25        50
          71       0.11      0.14      0.12        50
          72       0.21      0.30      0.25        54
          73       0.17      0.12      0.14        50
          74       0.25      0.14      0.18        50
          75       0.09      0.15      0.11        52
          76       0.15      0.11      0.13        53
          77       0.48      0.56      0.52        54
          78       0.31      0.33      0.32        69
          79       0.31      0.26      0.28        57
          80       0.15      0.23      0.18        53
          81       0.16      0.36      0.22        50
          82       0.13      0.30      0.18        50
          83       0.18      0.37      0.24        52
          84       0.08      0.06      0.07        52
          85       0.10      0.06      0.07        50
          86       0.34      0.36      0.35        84
          87       0.38      0.26      0.31        68
          88       0.41      0.50      0.45       118
          89       0.16      0.14      0.15        51
          90       0.46      0.49      0.48       102
          91       0.13      0.18      0.15        51
          92       0.29      0.32      0.30        56
          93       0.13      0.21      0.16        52
          94       0.13      0.12      0.12        59
          95       0.12      0.09      0.10        56
          96       0.39      0.46      0.42        70
          97       0.08      0.14      0.10        50
          98       0.23      0.17      0.19        78
          99       0.12      0.07      0.08        92
         100       0.12      0.30      0.17        50
         101       0.30      0.17      0.21       109
         102       0.26      0.27      0.26       100
         103       0.48      0.33      0.39       110
         104       0.16      0.13      0.14        95
         105       0.23      0.13      0.17       113
         106       0.42      0.31      0.35       118
         107       0.33      0.39      0.36       119
         108       0.21      0.35      0.26        96
         109       0.31      0.52      0.38        58
         110       0.25      0.38      0.30        53
         111       0.23      0.28      0.26        81
         112       0.15      0.11      0.12        55
         113       0.06      0.14      0.09        51
         114       0.10      0.11      0.10        55
         115       0.03      0.03      0.03        59
         116       0.40      0.31      0.35        55
         117       0.15      0.09      0.11        56
         118       0.21      0.28      0.24        50
         119       0.40      0.28      0.32        69

    accuracy                           0.24      8580
   macro avg       0.24      0.24      0.23      8580
weighted avg       0.25      0.24      0.24      8580
