              precision    recall  f1-score   support

           0       0.20      0.63      0.31      1000
           1       0.80      0.23      0.35      1000
           2       0.35      0.36      0.35      1000
           3       0.34      0.15      0.21      1000
           4       0.38      0.41      0.39      1000
           5       0.36      0.14      0.20      1000
           6       0.40      0.49      0.44      1000
           7       0.68      0.17      0.27      1000
           8       0.36      0.67      0.47      1000
           9       0.73      0.20      0.31      1000

    accuracy                           0.34     10000
   macro avg       0.46      0.34      0.33     10000
weighted avg       0.46      0.34      0.33     10000
