              precision    recall  f1-score   support

           0       0.07      0.08      0.08        52
           1       0.55      0.36      0.44        85
           2       0.64      0.14      0.23       152
           3       0.26      0.43      0.33        49
           4       0.53      0.22      0.31       114
           5       0.68      0.41      0.51        88
           6       0.78      0.48      0.59        96
           7       0.40      0.32      0.35        72
           8       0.28      0.10      0.14        72
           9       0.57      0.21      0.31       139
          10       0.36      0.11      0.16        75
          11       0.26      0.23      0.24        95
          12       0.50      0.09      0.16        87
          13       0.30      0.37      0.33        71
          14       0.50      0.10      0.17        59
          15       0.27      0.36      0.31        53
          16       0.38      0.35      0.36        57
          17       0.45      0.10      0.17        48
          18       0.09      0.24      0.13        51
          19       0.14      0.27      0.18       118
          20       0.13      0.09      0.10        82
          21       0.10      0.45      0.16        87
          22       0.54      0.15      0.23        88
          23       0.35      0.47      0.40        96
          24       0.21      0.25      0.23        51
          25       0.10      0.05      0.07       100
          26       0.27      0.39      0.32       132
          27       0.22      0.37      0.28        60
          28       0.14      0.22      0.17        55
          29       0.10      0.17      0.13        64
          30       0.37      0.49      0.42        82
          31       0.18      0.51      0.27        72
          32       0.35      0.15      0.21        79
          33       0.40      0.25      0.31        69
          34       0.31      0.14      0.19        72
          35       0.49      0.24      0.32        85
          36       0.33      0.12      0.18        64
          37       0.28      0.47      0.35        57
          38       0.18      0.30      0.23        97
          39       0.74      0.25      0.37       102
          40       0.43      0.22      0.29       102
          41       0.22      0.28      0.24        97
          42       0.54      0.07      0.13        96
          43       0.38      0.25      0.30        80
          44       0.45      0.41      0.43        82
          45       0.12      0.04      0.06        54
          46       0.12      0.04      0.05        57
          47       0.17      0.25      0.21        55
          48       0.41      0.12      0.19        58
          49       0.43      0.15      0.22       106
          50       0.46      0.25      0.33        83
          51       0.10      0.34      0.15        56
          52       0.31      0.45      0.37        69
          53       0.36      0.30      0.33        86
          54       0.18      0.06      0.09        52
          55       0.14      0.37      0.20        51
          56       0.57      0.26      0.36        50
          57       0.37      0.25      0.30        71
          58       0.28      0.28      0.28        67
          59       0.25      0.27      0.26        52
          60       0.38      0.09      0.15        54
          61       0.13      0.38      0.19        61
          62       0.55      0.11      0.18        55
          63       0.61      0.32      0.42        53
          64       0.32      0.13      0.19        52
          65       0.40      0.46      0.43        50
          66       0.61      0.42      0.50        59
          67       0.40      0.36      0.38        50
          68       0.13      0.19      0.16        59
          69       0.47      0.43      0.45        51
          70       0.33      0.46      0.38        50
          71       0.21      0.58      0.31        50
          72       0.42      0.30      0.35        54
          73       0.22      0.48      0.30        50
          74       0.33      0.10      0.15        50
          75       0.17      0.08      0.11        52
          76       0.17      0.08      0.11        53
          77       0.68      0.56      0.61        54
          78       0.62      0.29      0.40        69
          79       0.63      0.21      0.32        57
          80       0.50      0.04      0.07        53
          81       0.17      0.40      0.24        50
          82       0.12      0.70      0.20        50
          83       0.43      0.23      0.30        52
          84       0.33      0.17      0.23        52
          85       0.43      0.20      0.27        50
          86       0.44      0.29      0.35        84
          87       0.65      0.22      0.33        68
          88       0.68      0.43      0.53       118
          89       0.18      0.24      0.21        51
          90       0.67      0.28      0.40       102
          91       0.23      0.31      0.26        51
          92       0.28      0.38      0.32        56
          93       0.36      0.33      0.34        52
          94       0.15      0.15      0.15        59
          95       0.07      0.09      0.08        56
          96       0.89      0.34      0.49        70
          97       0.07      0.22      0.11        50
          98       0.37      0.24      0.29        78
          99       0.15      0.10      0.12        92
         100       0.16      0.20      0.18        50
         101       0.56      0.20      0.30       109
         102       0.34      0.54      0.41       100
         103       0.70      0.45      0.54       110
         104       0.25      0.21      0.23        95
         105       0.35      0.36      0.35       113
         106       0.60      0.33      0.43       118
         107       0.71      0.49      0.58       119
         108       0.54      0.50      0.52        96
         109       0.26      0.52      0.34        58
         110       0.65      0.25      0.36        53
         111       0.50      0.28      0.36        81
         112       0.09      0.16      0.12        55
         113       0.09      0.14      0.11        51
         114       0.06      0.31      0.10        55
         115       0.06      0.17      0.09        59
         116       0.46      0.22      0.30        55
         117       0.40      0.36      0.38        56
         118       0.39      0.22      0.28        50
         119       0.49      0.32      0.39        69

    accuracy                           0.28      8580
   macro avg       0.36      0.27      0.27      8580
weighted avg       0.38      0.28      0.29      8580
