              precision    recall  f1-score   support

           0       0.63      0.56      0.59        52
           1       0.75      0.82      0.79        85
           2       0.82      0.74      0.78       152
           3       0.70      0.71      0.71        49
           4       0.67      0.62      0.65       114
           5       0.87      0.88      0.87        88
           6       0.85      0.85      0.85        96
           7       0.72      0.65      0.69        72
           8       0.53      0.47      0.50        72
           9       0.97      0.91      0.94       139
          10       0.65      0.69      0.67        75
          11       0.74      0.63      0.68        95
          12       0.88      0.67      0.76        87
          13       0.74      0.73      0.74        71
          14       0.63      0.63      0.63        59
          15       0.40      0.43      0.41        53
          16       0.55      0.63      0.59        57
          17       0.53      0.65      0.58        48
          18       0.67      0.69      0.68        51
          19       0.78      0.64      0.70       118
          20       0.65      0.52      0.58        82
          21       0.68      0.57      0.62        87
          22       0.88      0.83      0.85        88
          23       0.85      0.93      0.89        96
          24       0.53      0.76      0.62        51
          25       0.87      0.69      0.77       100
          26       0.80      0.72      0.76       132
          27       0.81      0.83      0.82        60
          28       0.49      0.53      0.51        55
          29       0.51      0.44      0.47        64
          30       0.85      0.87      0.86        82
          31       0.81      0.81      0.81        72
          32       0.69      0.66      0.68        79
          33       0.69      0.78      0.73        69
          34       0.56      0.67      0.61        72
          35       0.77      0.65      0.71        85
          36       0.59      0.67      0.63        64
          37       0.70      0.74      0.72        57
          38       0.74      0.57      0.64        97
          39       0.82      0.80      0.81       102
          40       0.77      0.77      0.77       102
          41       0.70      0.71      0.71        97
          42       0.68      0.69      0.68        96
          43       0.74      0.78      0.76        80
          44       0.85      0.87      0.86        82
          45       0.63      0.63      0.63        54
          46       0.50      0.67      0.57        57
          47       0.53      0.62      0.57        55
          48       0.66      0.69      0.67        58
          49       0.70      0.64      0.67       106
          50       0.59      0.61      0.60        83
          51       0.58      0.57      0.58        56
          52       0.65      0.80      0.72        69
          53       0.48      0.48      0.48        86
          54       0.62      0.79      0.69        52
          55       0.69      0.75      0.72        51
          56       0.66      0.84      0.74        50
          57       0.69      0.61      0.65        71
          58       0.71      0.73      0.72        67
          59       0.79      0.85      0.81        52
          60       0.63      0.78      0.69        54
          61       0.72      0.72      0.72        61
          62       0.83      0.80      0.81        55
          63       0.88      0.79      0.83        53
          64       0.73      0.73      0.73        52
          65       0.77      0.82      0.80        50
          66       0.87      0.81      0.84        59
          67       0.71      0.74      0.73        50
          68       0.73      0.61      0.67        59
          69       0.85      0.90      0.88        51
          70       0.57      0.70      0.63        50
          71       0.49      0.70      0.57        50
          72       0.65      0.76      0.70        54
          73       0.78      0.86      0.82        50
          74       0.64      0.84      0.72        50
          75       0.65      0.63      0.64        52
          76       0.60      0.51      0.55        53
          77       0.75      0.83      0.79        54
          78       0.80      0.77      0.79        69
          79       0.77      0.65      0.70        57
          80       0.65      0.53      0.58        53
          81       0.51      0.80      0.62        50
          82       0.41      0.58      0.48        50
          83       0.73      0.88      0.80        52
          84       0.73      0.62      0.67        52
          85       0.75      0.66      0.70        50
          86       0.78      0.82      0.80        84
          87       0.74      0.71      0.72        68
          88       0.96      0.79      0.87       118
          89       0.48      0.63      0.55        51
          90       0.73      0.80      0.77       102
          91       0.69      0.65      0.67        51
          92       0.67      0.88      0.76        56
          93       0.62      0.69      0.65        52
          94       0.73      0.75      0.74        59
          95       0.56      0.50      0.53        56
          96       0.93      0.96      0.94        70
          97       0.32      0.52      0.40        50
          98       0.72      0.65      0.68        78
          99       0.59      0.45      0.51        92
         100       0.61      0.76      0.68        50
         101       0.82      0.62      0.71       109
         102       0.86      0.76      0.81       100
         103       0.97      0.85      0.90       110
         104       0.74      0.64      0.69        95
         105       0.81      0.61      0.70       113
         106       0.87      0.85      0.86       118
         107       0.90      0.81      0.85       119
         108       0.81      0.91      0.85        96
         109       0.89      0.97      0.93        58
         110       0.70      0.85      0.77        53
         111       0.79      0.74      0.76        81
         112       0.58      0.56      0.57        55
         113       0.47      0.53      0.50        51
         114       0.45      0.40      0.42        55
         115       0.56      0.41      0.47        59
         116       0.66      0.76      0.71        55
         117       0.59      0.73      0.66        56
         118       0.82      0.80      0.81        50
         119       0.87      0.86      0.86        69

    accuracy                           0.71      8580
   macro avg       0.70      0.71      0.70      8580
weighted avg       0.72      0.71      0.71      8580
