              precision    recall  f1-score   support

           0       0.49      0.57      0.53      1000
           1       0.49      0.53      0.51      1000
           2       0.34      0.27      0.30      1000
           3       0.37      0.24      0.29      1000
           4       0.41      0.29      0.34      1000
           5       0.40      0.33      0.36      1000
           6       0.41      0.51      0.45      1000
           7       0.41      0.52      0.46      1000
           8       0.53      0.62      0.57      1000
           9       0.44      0.49      0.46      1000

    accuracy                           0.44     10000
   macro avg       0.43      0.44      0.43     10000
weighted avg       0.43      0.44      0.43     10000
