              precision    recall  f1-score   support

           0       0.45      0.40      0.42        52
           1       0.74      0.78      0.76        85
           2       0.78      0.58      0.66       152
           3       0.46      0.57      0.51        49
           4       0.65      0.47      0.55       114
           5       0.83      0.70      0.76        88
           6       0.75      0.71      0.73        96
           7       0.50      0.56      0.53        72
           8       0.30      0.31      0.30        72
           9       0.69      0.63      0.66       139
          10       0.47      0.37      0.42        75
          11       0.57      0.41      0.48        95
          12       0.77      0.56      0.65        87
          13       0.51      0.41      0.45        71
          14       0.45      0.56      0.50        59
          15       0.33      0.38      0.35        53
          16       0.46      0.53      0.49        57
          17       0.36      0.50      0.42        48
          18       0.48      0.43      0.45        51
          19       0.64      0.38      0.48       118
          20       0.45      0.45      0.45        82
          21       0.40      0.33      0.36        87
          22       0.75      0.70      0.73        88
          23       0.75      0.82      0.78        96
          24       0.36      0.69      0.48        51
          25       0.80      0.40      0.53       100
          26       0.53      0.43      0.47       132
          27       0.60      0.67      0.63        60
          28       0.44      0.38      0.41        55
          29       0.23      0.23      0.23        64
          30       0.65      0.62      0.64        82
          31       0.51      0.61      0.55        72
          32       0.53      0.51      0.52        79
          33       0.34      0.51      0.41        69
          34       0.40      0.40      0.40        72
          35       0.51      0.52      0.51        85
          36       0.42      0.55      0.48        64
          37       0.43      0.53      0.48        57
          38       0.49      0.33      0.40        97
          39       0.60      0.50      0.55       102
          40       0.60      0.63      0.62       102
          41       0.54      0.46      0.50        97
          42       0.50      0.44      0.47        96
          43       0.60      0.49      0.54        80
          44       0.78      0.70      0.74        82
          45       0.29      0.33      0.31        54
          46       0.42      0.47      0.45        57
          47       0.33      0.47      0.39        55
          48       0.58      0.50      0.54        58
          49       0.61      0.42      0.50       106
          50       0.54      0.47      0.50        83
          51       0.42      0.55      0.48        56
          52       0.63      0.70      0.66        69
          53       0.47      0.45      0.46        86
          54       0.40      0.56      0.47        52
          55       0.40      0.41      0.41        51
          56       0.43      0.70      0.53        50
          57       0.56      0.41      0.47        71
          58       0.51      0.51      0.51        67
          59       0.65      0.50      0.57        52
          60       0.59      0.76      0.66        54
          61       0.47      0.52      0.50        61
          62       0.73      0.69      0.71        55
          63       0.60      0.72      0.66        53
          64       0.48      0.73      0.58        52
          65       0.61      0.74      0.67        50
          66       0.85      0.76      0.80        59
          67       0.76      0.56      0.64        50
          68       0.48      0.42      0.45        59
          69       0.75      0.76      0.76        51
          70       0.55      0.54      0.55        50
          71       0.33      0.44      0.38        50
          72       0.53      0.69      0.60        54
          73       0.60      0.74      0.66        50
          74       0.55      0.62      0.58        50
          75       0.37      0.48      0.42        52
          76       0.47      0.28      0.35        53
          77       0.54      0.70      0.61        54
          78       0.56      0.71      0.62        69
          79       0.53      0.54      0.54        57
          80       0.49      0.43      0.46        53
          81       0.53      0.56      0.54        50
          82       0.33      0.44      0.38        50
          83       0.49      0.63      0.55        52
          84       0.44      0.54      0.48        52
          85       0.30      0.40      0.34        50
          86       0.67      0.62      0.64        84
          87       0.52      0.66      0.58        68
          88       0.81      0.71      0.76       118
          89       0.31      0.41      0.36        51
          90       0.80      0.68      0.73       102
          91       0.43      0.39      0.41        51
          92       0.61      0.66      0.63        56
          93       0.43      0.50      0.46        52
          94       0.44      0.51      0.47        59
          95       0.44      0.36      0.40        56
          96       0.90      0.86      0.88        70
          97       0.23      0.40      0.29        50
          98       0.53      0.49      0.51        78
          99       0.40      0.23      0.29        92
         100       0.37      0.38      0.38        50
         101       0.67      0.47      0.55       109
         102       0.80      0.63      0.70       100
         103       0.75      0.73      0.74       110
         104       0.52      0.48      0.50        95
         105       0.45      0.50      0.47       113
         106       0.70      0.62      0.65       118
         107       0.79      0.64      0.71       119
         108       0.65      0.73      0.69        96
         109       0.77      0.88      0.82        58
         110       0.55      0.68      0.61        53
         111       0.67      0.60      0.64        81
         112       0.43      0.40      0.42        55
         113       0.27      0.41      0.32        51
         114       0.36      0.33      0.34        55
         115       0.24      0.32      0.28        59
         116       0.41      0.53      0.46        55
         117       0.54      0.66      0.59        56
         118       0.58      0.78      0.67        50
         119       0.72      0.64      0.68        69

    accuracy                           0.54      8580
   macro avg       0.54      0.54      0.53      8580
weighted avg       0.56      0.54      0.54      8580
