              precision    recall  f1-score   support

           0       0.79      0.80      0.79      1000
           1       0.83      0.91      0.87      1000
           2       0.84      0.64      0.72      1000
           3       0.70      0.64      0.67      1000
           4       0.81      0.79      0.80      1000
           5       0.75      0.73      0.74      1000
           6       0.84      0.87      0.86      1000
           7       0.83      0.83      0.83      1000
           8       0.81      0.87      0.84      1000
           9       0.78      0.90      0.83      1000

    accuracy                           0.80     10000
   macro avg       0.80      0.80      0.80     10000
weighted avg       0.80      0.80      0.80     10000
