              precision    recall  f1-score   support

           0       0.21      0.62      0.31      1000
           1       0.55      0.21      0.31      1000
           2       0.31      0.48      0.38      1000
           3       0.29      0.18      0.23      1000
           4       0.35      0.36      0.36      1000
           5       0.45      0.15      0.22      1000
           6       0.37      0.43      0.40      1000
           7       0.59      0.20      0.30      1000
           8       0.44      0.51      0.47      1000
           9       0.72      0.30      0.42      1000

    accuracy                           0.35     10000
   macro avg       0.43      0.35      0.34     10000
weighted avg       0.43      0.35      0.34     10000
