              precision    recall  f1-score   support

           0       0.11      0.45      0.18      1000
           1       0.43      0.06      0.11      1000
           2       0.14      0.16      0.15      1000
           3       0.06      0.03      0.04      1000
           4       0.14      0.06      0.08      1000
           5       0.04      0.02      0.03      1000
           6       0.13      0.12      0.13      1000
           7       0.25      0.03      0.05      1000
           8       0.17      0.33      0.22      1000
           9       0.26      0.03      0.06      1000

    accuracy                           0.13     10000
   macro avg       0.17      0.13      0.10     10000
weighted avg       0.17      0.13      0.10     10000
