              precision    recall  f1-score   support

           0       0.86      0.86      0.86      1000
           1       0.93      0.91      0.92      1000
           2       0.81      0.81      0.81      1000
           3       0.75      0.74      0.74      1000
           4       0.87      0.85      0.86      1000
           5       0.78      0.82      0.80      1000
           6       0.89      0.90      0.90      1000
           7       0.91      0.86      0.89      1000
           8       0.88      0.91      0.90      1000
           9       0.89      0.89      0.89      1000

    accuracy                           0.86     10000
   macro avg       0.86      0.86      0.86     10000
weighted avg       0.86      0.86      0.86     10000
