              precision    recall  f1-score   support

           0       0.40      0.37      0.38        52
           1       0.70      0.81      0.75        85
           2       0.78      0.61      0.68       152
           3       0.57      0.63      0.60        49
           4       0.66      0.54      0.59       114
           5       0.87      0.78      0.83        88
           6       0.83      0.74      0.78        96
           7       0.67      0.58      0.62        72
           8       0.47      0.35      0.40        72
           9       0.84      0.65      0.74       139
          10       0.55      0.49      0.52        75
          11       0.58      0.49      0.53        95
          12       0.74      0.56      0.64        87
          13       0.64      0.51      0.57        71
          14       0.46      0.54      0.50        59
          15       0.46      0.49      0.48        53
          16       0.52      0.63      0.57        57
          17       0.35      0.58      0.43        48
          18       0.57      0.61      0.59        51
          19       0.77      0.41      0.53       118
          20       0.47      0.34      0.39        82
          21       0.49      0.41      0.45        87
          22       0.73      0.69      0.71        88
          23       0.80      0.83      0.82        96
          24       0.42      0.61      0.50        51
          25       0.76      0.47      0.58       100
          26       0.61      0.55      0.58       132
          27       0.66      0.67      0.66        60
          28       0.42      0.44      0.43        55
          29       0.23      0.27      0.25        64
          30       0.71      0.70      0.70        82
          31       0.62      0.74      0.68        72
          32       0.57      0.47      0.51        79
          33       0.44      0.68      0.53        69
          34       0.40      0.32      0.35        72
          35       0.61      0.49      0.55        85
          36       0.41      0.66      0.50        64
          37       0.49      0.61      0.54        57
          38       0.55      0.34      0.42        97
          39       0.67      0.59      0.62       102
          40       0.69      0.68      0.68       102
          41       0.68      0.53      0.59        97
          42       0.58      0.54      0.56        96
          43       0.52      0.59      0.55        80
          44       0.78      0.79      0.79        82
          45       0.46      0.39      0.42        54
          46       0.41      0.56      0.47        57
          47       0.42      0.51      0.46        55
          48       0.54      0.57      0.55        58
          49       0.60      0.46      0.52       106
          50       0.62      0.48      0.54        83
          51       0.48      0.61      0.54        56
          52       0.57      0.72      0.64        69
          53       0.44      0.49      0.46        86
          54       0.46      0.58      0.51        52
          55       0.42      0.53      0.47        51
          56       0.46      0.66      0.54        50
          57       0.58      0.49      0.53        71
          58       0.59      0.52      0.56        67
          59       0.70      0.67      0.69        52
          60       0.59      0.80      0.68        54
          61       0.60      0.61      0.60        61
          62       0.62      0.73      0.67        55
          63       0.54      0.74      0.62        53
          64       0.54      0.67      0.60        52
          65       0.68      0.56      0.62        50
          66       0.84      0.78      0.81        59
          67       0.71      0.58      0.64        50
          68       0.64      0.51      0.57        59
          69       0.79      0.75      0.77        51
          70       0.55      0.66      0.60        50
          71       0.46      0.60      0.52        50
          72       0.56      0.65      0.60        54
          73       0.54      0.70      0.61        50
          74       0.52      0.74      0.61        50
          75       0.35      0.54      0.42        52
          76       0.52      0.49      0.50        53
          77       0.72      0.78      0.75        54
          78       0.60      0.72      0.66        69
          79       0.67      0.61      0.64        57
          80       0.52      0.55      0.53        53
          81       0.51      0.60      0.55        50
          82       0.31      0.48      0.38        50
          83       0.40      0.69      0.51        52
          84       0.41      0.50      0.45        52
          85       0.37      0.32      0.34        50
          86       0.72      0.75      0.73        84
          87       0.60      0.66      0.63        68
          88       0.86      0.75      0.81       118
          89       0.40      0.53      0.46        51
          90       0.69      0.73      0.70       102
          91       0.56      0.45      0.50        51
          92       0.54      0.79      0.64        56
          93       0.50      0.58      0.54        52
          94       0.57      0.59      0.58        59
          95       0.42      0.36      0.38        56
          96       0.80      0.91      0.85        70
          97       0.23      0.44      0.30        50
          98       0.59      0.45      0.51        78
          99       0.58      0.41      0.48        92
         100       0.52      0.60      0.56        50
         101       0.66      0.54      0.59       109
         102       0.82      0.65      0.73       100
         103       0.83      0.71      0.76       110
         104       0.54      0.46      0.50        95
         105       0.63      0.61      0.62       113
         106       0.75      0.75      0.75       118
         107       0.84      0.68      0.75       119
         108       0.67      0.79      0.73        96
         109       0.78      0.88      0.83        58
         110       0.62      0.79      0.69        53
         111       0.71      0.59      0.64        81
         112       0.58      0.53      0.55        55
         113       0.38      0.35      0.36        51
         114       0.25      0.29      0.27        55
         115       0.33      0.19      0.24        59
         116       0.73      0.65      0.69        55
         117       0.51      0.66      0.57        56
         118       0.74      0.80      0.77        50
         119       0.73      0.59      0.66        69

    accuracy                           0.59      8580
   macro avg       0.58      0.59      0.58      8580
weighted avg       0.61      0.59      0.59      8580
