              precision    recall  f1-score   support

           0       0.47      0.54      0.50      1000
           1       0.48      0.50      0.49      1000
           2       0.35      0.23      0.28      1000
           3       0.34      0.22      0.27      1000
           4       0.42      0.36      0.39      1000
           5       0.40      0.33      0.36      1000
           6       0.42      0.51      0.46      1000
           7       0.40      0.48      0.44      1000
           8       0.49      0.61      0.55      1000
           9       0.43      0.49      0.46      1000

    accuracy                           0.43     10000
   macro avg       0.42      0.43      0.42     10000
weighted avg       0.42      0.43      0.42     10000
