              precision    recall  f1-score   support

           0       0.30      0.87      0.45      1000
           1       0.65      0.35      0.46      1000
           2       0.47      0.64      0.54      1000
           3       0.44      0.40      0.42      1000
           4       0.64      0.48      0.55      1000
           5       0.63      0.31      0.41      1000
           6       0.64      0.55      0.59      1000
           7       0.81      0.44      0.57      1000
           8       0.58      0.70      0.63      1000
           9       0.85      0.39      0.53      1000

    accuracy                           0.51     10000
   macro avg       0.60      0.51      0.52     10000
weighted avg       0.60      0.51      0.52     10000
