              precision    recall  f1-score   support

           0       0.30      0.86      0.44      1000
           1       0.66      0.35      0.46      1000
           2       0.47      0.64      0.54      1000
           3       0.45      0.40      0.42      1000
           4       0.64      0.49      0.55      1000
           5       0.64      0.32      0.42      1000
           6       0.62      0.55      0.59      1000
           7       0.82      0.44      0.57      1000
           8       0.58      0.69      0.63      1000
           9       0.84      0.38      0.53      1000

    accuracy                           0.51     10000
   macro avg       0.60      0.51      0.52     10000
weighted avg       0.60      0.51      0.52     10000
