              precision    recall  f1-score   support

           0       0.96      0.96      0.96      1000
           1       0.98      0.98      0.98      1000
           2       0.94      0.94      0.94      1000
           3       0.91      0.89      0.90      1000
           4       0.95      0.97      0.96      1000
           5       0.92      0.92      0.92      1000
           6       0.97      0.97      0.97      1000
           7       0.98      0.97      0.98      1000
           8       0.97      0.98      0.97      1000
           9       0.97      0.97      0.97      1000

    accuracy                           0.96     10000
   macro avg       0.96      0.96      0.96     10000
weighted avg       0.96      0.96      0.96     10000
