              precision    recall  f1-score   support

           0       0.43      0.40      0.42        52
           1       0.75      0.75      0.75        85
           2       0.77      0.53      0.63       152
           3       0.55      0.76      0.64        49
           4       0.66      0.50      0.57       114
           5       0.83      0.67      0.74        88
           6       0.77      0.69      0.73        96
           7       0.59      0.53      0.56        72
           8       0.26      0.25      0.26        72
           9       0.74      0.75      0.75       139
          10       0.58      0.49      0.53        75
          11       0.54      0.46      0.50        95
          12       0.72      0.54      0.62        87
          13       0.61      0.42      0.50        71
          14       0.53      0.56      0.55        59
          15       0.34      0.34      0.34        53
          16       0.49      0.49      0.49        57
          17       0.34      0.50      0.41        48
          18       0.55      0.47      0.51        51
          19       0.63      0.36      0.45       118
          20       0.36      0.33      0.35        82
          21       0.38      0.34      0.36        87
          22       0.72      0.69      0.71        88
          23       0.70      0.81      0.75        96
          24       0.42      0.71      0.53        51
          25       0.70      0.44      0.54       100
          26       0.64      0.55      0.59       132
          27       0.68      0.80      0.73        60
          28       0.40      0.45      0.43        55
          29       0.33      0.33      0.33        64
          30       0.67      0.76      0.71        82
          31       0.62      0.65      0.64        72
          32       0.54      0.51      0.52        79
          33       0.35      0.46      0.40        69
          34       0.40      0.40      0.40        72
          35       0.61      0.56      0.59        85
          36       0.45      0.52      0.48        64
          37       0.41      0.53      0.46        57
          38       0.39      0.33      0.36        97
          39       0.63      0.57      0.60       102
          40       0.57      0.51      0.54       102
          41       0.67      0.51      0.58        97
          42       0.48      0.47      0.47        96
          43       0.61      0.47      0.54        80
          44       0.77      0.76      0.76        82
          45       0.38      0.39      0.39        54
          46       0.35      0.54      0.43        57
          47       0.36      0.44      0.40        55
          48       0.65      0.52      0.58        58
          49       0.61      0.46      0.53       106
          50       0.61      0.52      0.56        83
          51       0.39      0.48      0.43        56
          52       0.55      0.61      0.58        69
          53       0.50      0.59      0.54        86
          54       0.47      0.56      0.51        52
          55       0.46      0.51      0.48        51
          56       0.40      0.66      0.50        50
          57       0.52      0.39      0.45        71
          58       0.48      0.61      0.54        67
          59       0.62      0.58      0.60        52
          60       0.63      0.72      0.67        54
          61       0.64      0.64      0.64        61
          62       0.65      0.60      0.62        55
          63       0.62      0.70      0.65        53
          64       0.49      0.67      0.57        52
          65       0.57      0.76      0.65        50
          66       0.85      0.76      0.80        59
          67       0.77      0.60      0.67        50
          68       0.63      0.44      0.52        59
          69       0.73      0.73      0.73        51
          70       0.63      0.58      0.60        50
          71       0.38      0.60      0.47        50
          72       0.61      0.67      0.64        54
          73       0.59      0.66      0.62        50
          74       0.52      0.68      0.59        50
          75       0.33      0.50      0.39        52
          76       0.48      0.40      0.43        53
          77       0.57      0.76      0.65        54
          78       0.58      0.77      0.66        69
          79       0.59      0.63      0.61        57
          80       0.47      0.42      0.44        53
          81       0.48      0.54      0.51        50
          82       0.28      0.54      0.37        50
          83       0.48      0.77      0.59        52
          84       0.53      0.52      0.52        52
          85       0.47      0.46      0.46        50
          86       0.68      0.75      0.71        84
          87       0.56      0.68      0.61        68
          88       0.84      0.64      0.72       118
          89       0.37      0.51      0.43        51
          90       0.78      0.67      0.72       102
          91       0.46      0.51      0.48        51
          92       0.66      0.70      0.68        56
          93       0.43      0.58      0.50        52
          94       0.60      0.61      0.61        59
          95       0.38      0.25      0.30        56
          96       0.89      0.84      0.87        70
          97       0.30      0.48      0.37        50
          98       0.56      0.42      0.48        78
          99       0.46      0.26      0.33        92
         100       0.42      0.44      0.43        50
         101       0.71      0.52      0.60       109
         102       0.82      0.67      0.74       100
         103       0.79      0.71      0.75       110
         104       0.49      0.39      0.44        95
         105       0.52      0.45      0.48       113
         106       0.70      0.66      0.68       118
         107       0.80      0.69      0.74       119
         108       0.66      0.74      0.70        96
         109       0.67      0.86      0.75        58
         110       0.62      0.77      0.69        53
         111       0.66      0.59      0.62        81
         112       0.56      0.49      0.52        55
         113       0.27      0.39      0.32        51
         114       0.27      0.33      0.30        55
         115       0.32      0.31      0.31        59
         116       0.62      0.67      0.64        55
         117       0.53      0.62      0.57        56
         118       0.58      0.76      0.66        50
         119       0.66      0.70      0.68        69

    accuracy                           0.56      8580
   macro avg       0.56      0.56      0.55      8580
weighted avg       0.58      0.56      0.56      8580
