              precision    recall  f1-score   support

           0       0.15      0.62      0.24      1000
           1       0.16      0.50      0.24      1000
           2       0.69      0.05      0.09      1000
           3       0.21      0.30      0.25      1000
           4       0.73      0.01      0.02      1000
           5       0.40      0.00      0.00      1000
           6       0.31      0.25      0.28      1000
           7       0.50      0.01      0.02      1000
           8       0.87      0.01      0.03      1000
           9       0.06      0.02      0.03      1000

    accuracy                           0.18     10000
   macro avg       0.41      0.18      0.12     10000
weighted avg       0.41      0.18      0.12     10000
