              precision    recall  f1-score   support

           0       0.29      0.85      0.44      1000
           1       0.66      0.33      0.44      1000
           2       0.46      0.62      0.52      1000
           3       0.43      0.35      0.39      1000
           4       0.59      0.50      0.54      1000
           5       0.62      0.28      0.39      1000
           6       0.57      0.56      0.57      1000
           7       0.79      0.39      0.53      1000
           8       0.54      0.68      0.60      1000
           9       0.85      0.36      0.51      1000

    accuracy                           0.49     10000
   macro avg       0.58      0.49      0.49     10000
weighted avg       0.58      0.49      0.49     10000
