              precision    recall  f1-score   support

           0       0.39      0.57      0.46      1000
           1       0.37      0.21      0.27      1000
           2       0.20      0.17      0.18      1000
           3       0.22      0.12      0.16      1000
           4       0.27      0.47      0.34      1000
           5       0.26      0.05      0.08      1000
           6       0.30      0.37      0.33      1000
           7       0.31      0.42      0.36      1000
           8       0.32      0.23      0.27      1000
           9       0.37      0.49      0.42      1000

    accuracy                           0.31     10000
   macro avg       0.30      0.31      0.29     10000
weighted avg       0.30      0.31      0.29     10000
