              precision    recall  f1-score   support

           0       0.09      0.06      0.07        52
           1       0.16      0.19      0.17        85
           2       0.21      0.09      0.12       152
           3       0.15      0.14      0.15        49
           4       0.09      0.08      0.09       114
           5       0.25      0.28      0.26        88
           6       0.10      0.15      0.12        96
           7       0.13      0.15      0.14        72
           8       0.12      0.06      0.08        72
           9       0.13      0.16      0.14       139
          10       0.07      0.07      0.07        75
          11       0.13      0.09      0.11        95
          12       0.14      0.14      0.14        87
          13       0.09      0.06      0.07        71
          14       0.08      0.08      0.08        59
          15       0.13      0.15      0.14        53
          16       0.15      0.32      0.20        57
          17       0.25      0.10      0.15        48
          18       0.06      0.12      0.08        51
          19       0.11      0.05      0.07       118
          20       0.03      0.01      0.02        82
          21       0.02      0.01      0.02        87
          22       0.16      0.10      0.13        88
          23       0.22      0.26      0.24        96
          24       0.09      0.08      0.08        51
          25       0.10      0.05      0.07       100
          26       0.30      0.16      0.21       132
          27       0.10      0.05      0.07        60
          28       0.03      0.04      0.03        55
          29       0.02      0.02      0.02        64
          30       0.28      0.16      0.20        82
          31       0.12      0.12      0.12        72
          32       0.18      0.13      0.15        79
          33       0.09      0.06      0.07        69
          34       0.24      0.17      0.20        72
          35       0.08      0.09      0.08        85
          36       0.10      0.11      0.10        64
          37       0.15      0.18      0.16        57
          38       0.17      0.12      0.14        97
          39       0.27      0.24      0.25       102
          40       0.11      0.08      0.09       102
          41       0.06      0.05      0.05        97
          42       0.18      0.12      0.15        96
          43       0.12      0.11      0.12        80
          44       0.12      0.13      0.12        82
          45       0.08      0.15      0.11        54
          46       0.05      0.05      0.05        57
          47       0.04      0.05      0.04        55
          48       0.12      0.16      0.13        58
          49       0.18      0.16      0.17       106
          50       0.21      0.19      0.20        83
          51       0.08      0.07      0.08        56
          52       0.09      0.17      0.11        69
          53       0.12      0.03      0.05        86
          54       0.03      0.02      0.02        52
          55       0.04      0.02      0.03        51
          56       0.03      0.02      0.02        50
          57       0.06      0.04      0.05        71
          58       0.10      0.09      0.09        67
          59       0.26      0.21      0.23        52
          60       0.15      0.17      0.16        54
          61       0.01      0.02      0.01        61
          62       0.14      0.18      0.16        55
          63       0.14      0.19      0.16        53
          64       0.14      0.25      0.18        52
          65       0.16      0.26      0.20        50
          66       0.16      0.17      0.16        59
          67       0.20      0.26      0.23        50
          68       0.00      0.00      0.00        59
          69       0.29      0.25      0.27        51
          70       0.22      0.22      0.22        50
          71       0.07      0.04      0.05        50
          72       0.06      0.02      0.03        54
          73       0.15      0.24      0.19        50
          74       0.08      0.14      0.10        50
          75       0.00      0.00      0.00        52
          76       0.05      0.04      0.04        53
          77       0.30      0.35      0.32        54
          78       0.07      0.12      0.09        69
          79       0.11      0.26      0.16        57
          80       0.07      0.08      0.07        53
          81       0.14      0.24      0.17        50
          82       0.15      0.28      0.19        50
          83       0.13      0.15      0.14        52
          84       0.07      0.08      0.08        52
          85       0.11      0.12      0.11        50
          86       0.20      0.23      0.21        84
          87       0.16      0.25      0.19        68
          88       0.30      0.37      0.33       118
          89       0.08      0.20      0.12        51
          90       0.28      0.34      0.31       102
          91       0.09      0.10      0.09        51
          92       0.09      0.09      0.09        56
          93       0.09      0.19      0.12        52
          94       0.03      0.02      0.02        59
          95       0.08      0.04      0.05        56
          96       0.28      0.39      0.32        70
          97       0.03      0.04      0.03        50
          98       0.15      0.28      0.20        78
          99       0.09      0.08      0.08        92
         100       0.11      0.12      0.11        50
         101       0.23      0.09      0.13       109
         102       0.11      0.06      0.08       100
         103       0.28      0.48      0.35       110
         104       0.11      0.06      0.08        95
         105       0.05      0.04      0.04       113
         106       0.19      0.16      0.17       118
         107       0.18      0.18      0.18       119
         108       0.13      0.12      0.13        96
         109       0.11      0.16      0.13        58
         110       0.14      0.17      0.15        53
         111       0.19      0.27      0.22        81
         112       0.03      0.04      0.03        55
         113       0.03      0.02      0.03        51
         114       0.00      0.00      0.00        55
         115       0.03      0.02      0.02        59
         116       0.41      0.16      0.23        55
         117       0.11      0.12      0.12        56
         118       0.26      0.28      0.27        50
         119       0.30      0.49      0.38        69

    accuracy                           0.14      8580
   macro avg       0.13      0.14      0.13      8580
weighted avg       0.14      0.14      0.13      8580
