              precision    recall  f1-score   support

           0       0.25      0.72      0.38      1000
           1       0.18      0.83      0.30      1000
           2       0.57      0.14      0.23      1000
           3       0.27      0.23      0.25      1000
           4       0.75      0.00      0.01      1000
           5       0.40      0.02      0.04      1000
           6       0.52      0.03      0.06      1000
           7       0.29      0.14      0.19      1000
           8       1.00      0.04      0.07      1000
           9       0.18      0.15      0.17      1000

    accuracy                           0.23     10000
   macro avg       0.44      0.23      0.17     10000
weighted avg       0.44      0.23      0.17     10000
