              precision    recall  f1-score   support

           0       0.20      0.21      0.21        52
           1       0.63      0.71      0.67        85
           2       0.65      0.44      0.53       152
           3       0.34      0.41      0.37        49
           4       0.47      0.32      0.38       114
           5       0.67      0.64      0.65        88
           6       0.67      0.62      0.65        96
           7       0.32      0.38      0.35        72
           8       0.22      0.22      0.22        72
           9       0.72      0.55      0.62       139
          10       0.30      0.27      0.28        75
          11       0.34      0.33      0.34        95
          12       0.46      0.36      0.40        87
          13       0.47      0.46      0.47        71
          14       0.43      0.54      0.48        59
          15       0.27      0.28      0.28        53
          16       0.40      0.61      0.48        57
          17       0.33      0.33      0.33        48
          18       0.19      0.24      0.21        51
          19       0.37      0.17      0.23       118
          20       0.30      0.26      0.27        82
          21       0.24      0.15      0.18        87
          22       0.46      0.53      0.49        88
          23       0.60      0.67      0.63        96
          24       0.41      0.41      0.41        51
          25       0.32      0.26      0.29       100
          26       0.57      0.47      0.52       132
          27       0.40      0.53      0.45        60
          28       0.13      0.11      0.12        55
          29       0.20      0.12      0.15        64
          30       0.65      0.54      0.59        82
          31       0.59      0.42      0.49        72
          32       0.43      0.37      0.39        79
          33       0.32      0.32      0.32        69
          34       0.20      0.33      0.25        72
          35       0.29      0.26      0.27        85
          36       0.20      0.27      0.23        64
          37       0.58      0.44      0.50        57
          38       0.48      0.26      0.34        97
          39       0.52      0.49      0.50       102
          40       0.55      0.45      0.49       102
          41       0.46      0.25      0.32        97
          42       0.40      0.28      0.33        96
          43       0.45      0.35      0.39        80
          44       0.52      0.54      0.53        82
          45       0.22      0.31      0.26        54
          46       0.18      0.28      0.22        57
          47       0.24      0.29      0.26        55
          48       0.28      0.43      0.34        58
          49       0.51      0.42      0.46       106
          50       0.47      0.52      0.49        83
          51       0.27      0.36      0.31        56
          52       0.37      0.49      0.42        69
          53       0.32      0.31      0.32        86
          54       0.29      0.23      0.26        52
          55       0.40      0.51      0.45        51
          56       0.36      0.44      0.40        50
          57       0.35      0.28      0.31        71
          58       0.33      0.30      0.31        67
          59       0.39      0.42      0.41        52
          60       0.43      0.56      0.48        54
          61       0.24      0.33      0.28        61
          62       0.53      0.42      0.47        55
          63       0.56      0.60      0.58        53
          64       0.45      0.44      0.45        52
          65       0.42      0.64      0.50        50
          66       0.55      0.69      0.61        59
          67       0.35      0.58      0.44        50
          68       0.18      0.15      0.17        59
          69       0.48      0.78      0.60        51
          70       0.37      0.44      0.40        50
          71       0.32      0.34      0.33        50
          72       0.39      0.44      0.42        54
          73       0.32      0.44      0.37        50
          74       0.32      0.32      0.32        50
          75       0.25      0.31      0.28        52
          76       0.15      0.13      0.14        53
          77       0.74      0.72      0.73        54
          78       0.53      0.52      0.53        69
          79       0.46      0.49      0.47        57
          80       0.26      0.19      0.22        53
          81       0.25      0.28      0.26        50
          82       0.21      0.20      0.20        50
          83       0.34      0.46      0.39        52
          84       0.22      0.33      0.26        52
          85       0.22      0.28      0.24        50
          86       0.49      0.50      0.49        84
          87       0.45      0.46      0.45        68
          88       0.75      0.55      0.63       118
          89       0.19      0.25      0.22        51
          90       0.50      0.66      0.57       102
          91       0.30      0.35      0.32        51
          92       0.43      0.62      0.51        56
          93       0.26      0.23      0.24        52
          94       0.24      0.25      0.25        59
          95       0.16      0.16      0.16        56
          96       0.68      0.80      0.74        70
          97       0.17      0.24      0.20        50
          98       0.42      0.40      0.41        78
          99       0.26      0.36      0.30        92
         100       0.25      0.34      0.29        50
         101       0.56      0.41      0.47       109
         102       0.55      0.36      0.43       100
         103       0.69      0.60      0.64       110
         104       0.26      0.09      0.14        95
         105       0.38      0.28      0.32       113
         106       0.48      0.64      0.55       118
         107       0.62      0.49      0.54       119
         108       0.47      0.38      0.42        96
         109       0.64      0.67      0.66        58
         110       0.51      0.57      0.54        53
         111       0.38      0.40      0.39        81
         112       0.23      0.20      0.21        55
         113       0.18      0.22      0.20        51
         114       0.19      0.15      0.16        55
         115       0.12      0.07      0.09        59
         116       0.48      0.45      0.47        55
         117       0.33      0.48      0.39        56
         118       0.51      0.58      0.54        50
         119       0.56      0.80      0.65        69

    accuracy                           0.41      8580
   macro avg       0.39      0.40      0.39      8580
weighted avg       0.42      0.41      0.40      8580
