              precision    recall  f1-score   support

           0       0.87      0.91      0.89      1000
           1       0.95      0.95      0.95      1000
           2       0.83      0.83      0.83      1000
           3       0.77      0.75      0.76      1000
           4       0.87      0.90      0.88      1000
           5       0.83      0.81      0.82      1000
           6       0.91      0.91      0.91      1000
           7       0.94      0.91      0.92      1000
           8       0.94      0.94      0.94      1000
           9       0.93      0.94      0.93      1000

    accuracy                           0.89     10000
   macro avg       0.88      0.89      0.88     10000
weighted avg       0.88      0.89      0.88     10000
