              precision    recall  f1-score   support

           0       0.14      0.19      0.17        52
           1       0.58      0.62      0.60        85
           2       0.57      0.43      0.49       152
           3       0.31      0.45      0.37        49
           4       0.38      0.29      0.33       114
           5       0.60      0.62      0.61        88
           6       0.54      0.59      0.56        96
           7       0.48      0.43      0.45        72
           8       0.20      0.21      0.20        72
           9       0.70      0.44      0.54       139
          10       0.24      0.17      0.20        75
          11       0.40      0.26      0.32        95
          12       0.39      0.25      0.31        87
          13       0.40      0.37      0.38        71
          14       0.34      0.39      0.37        59
          15       0.32      0.38      0.35        53
          16       0.43      0.58      0.50        57
          17       0.25      0.33      0.29        48
          18       0.19      0.22      0.20        51
          19       0.31      0.15      0.20       118
          20       0.41      0.29      0.34        82
          21       0.24      0.20      0.22        87
          22       0.45      0.51      0.48        88
          23       0.50      0.59      0.55        96
          24       0.35      0.43      0.39        51
          25       0.23      0.21      0.22       100
          26       0.53      0.42      0.47       132
          27       0.33      0.40      0.36        60
          28       0.19      0.16      0.18        55
          29       0.16      0.11      0.13        64
          30       0.62      0.52      0.57        82
          31       0.53      0.54      0.53        72
          32       0.53      0.52      0.53        79
          33       0.32      0.26      0.29        69
          34       0.29      0.42      0.34        72
          35       0.31      0.35      0.33        85
          36       0.23      0.33      0.27        64
          37       0.54      0.35      0.43        57
          38       0.44      0.25      0.32        97
          39       0.49      0.39      0.43       102
          40       0.61      0.45      0.52       102
          41       0.38      0.26      0.31        97
          42       0.36      0.28      0.31        96
          43       0.44      0.45      0.45        80
          44       0.57      0.60      0.58        82
          45       0.14      0.19      0.16        54
          46       0.18      0.25      0.21        57
          47       0.28      0.20      0.23        55
          48       0.34      0.52      0.41        58
          49       0.49      0.40      0.44       106
          50       0.40      0.41      0.41        83
          51       0.23      0.30      0.26        56
          52       0.34      0.41      0.37        69
          53       0.22      0.24      0.23        86
          54       0.19      0.19      0.19        52
          55       0.41      0.47      0.44        51
          56       0.28      0.38      0.32        50
          57       0.32      0.28      0.30        71
          58       0.23      0.15      0.18        67
          59       0.39      0.38      0.39        52
          60       0.35      0.48      0.40        54
          61       0.19      0.20      0.19        61
          62       0.55      0.47      0.51        55
          63       0.37      0.43      0.40        53
          64       0.47      0.42      0.44        52
          65       0.44      0.68      0.54        50
          66       0.59      0.68      0.63        59
          67       0.34      0.54      0.42        50
          68       0.24      0.20      0.22        59
          69       0.43      0.76      0.55        51
          70       0.45      0.58      0.51        50
          71       0.25      0.46      0.32        50
          72       0.46      0.50      0.48        54
          73       0.31      0.38      0.34        50
          74       0.33      0.38      0.36        50
          75       0.25      0.38      0.31        52
          76       0.15      0.13      0.14        53
          77       0.70      0.70      0.70        54
          78       0.47      0.39      0.43        69
          79       0.45      0.42      0.44        57
          80       0.26      0.26      0.26        53
          81       0.30      0.36      0.33        50
          82       0.20      0.20      0.20        50
          83       0.28      0.52      0.36        52
          84       0.33      0.35      0.34        52
          85       0.21      0.24      0.22        50
          86       0.44      0.40      0.42        84
          87       0.37      0.60      0.46        68
          88       0.68      0.47      0.56       118
          89       0.23      0.29      0.26        51
          90       0.54      0.60      0.57       102
          91       0.23      0.31      0.27        51
          92       0.43      0.61      0.50        56
          93       0.32      0.29      0.30        52
          94       0.33      0.31      0.32        59
          95       0.12      0.12      0.12        56
          96       0.71      0.80      0.75        70
          97       0.18      0.26      0.21        50
          98       0.30      0.36      0.33        78
          99       0.29      0.22      0.25        92
         100       0.15      0.22      0.18        50
         101       0.44      0.29      0.35       109
         102       0.49      0.35      0.41       100
         103       0.67      0.65      0.66       110
         104       0.24      0.13      0.17        95
         105       0.36      0.41      0.38       113
         106       0.55      0.52      0.54       118
         107       0.62      0.53      0.57       119
         108       0.50      0.47      0.48        96
         109       0.64      0.62      0.63        58
         110       0.56      0.58      0.57        53
         111       0.45      0.38      0.41        81
         112       0.27      0.22      0.24        55
         113       0.15      0.22      0.18        51
         114       0.14      0.13      0.13        55
         115       0.14      0.08      0.11        59
         116       0.56      0.49      0.52        55
         117       0.34      0.43      0.38        56
         118       0.50      0.58      0.54        50
         119       0.55      0.68      0.61        69

    accuracy                           0.39      8580
   macro avg       0.38      0.39      0.37      8580
weighted avg       0.40      0.39      0.39      8580
