              precision    recall  f1-score   support

           0       0.83      0.76      0.79      1000
           1       0.90      0.88      0.89      1000
           2       0.72      0.75      0.73      1000
           3       0.77      0.58      0.66      1000
           4       0.73      0.80      0.76      1000
           5       0.81      0.65      0.72      1000
           6       0.86      0.87      0.86      1000
           7       0.87      0.79      0.83      1000
           8       0.71      0.93      0.80      1000
           9       0.74      0.88      0.80      1000

    accuracy                           0.79     10000
   macro avg       0.79      0.79      0.79     10000
weighted avg       0.79      0.79      0.79     10000
