              precision    recall  f1-score   support

           0       0.04      0.15      0.07      1000
           1       0.12      0.03      0.04      1000
           2       0.07      0.10      0.08      1000
           3       0.01      0.01      0.01      1000
           4       0.02      0.02      0.02      1000
           5       0.01      0.01      0.01      1000
           6       0.02      0.02      0.02      1000
           7       0.05      0.01      0.02      1000
           8       0.04      0.05      0.05      1000
           9       0.11      0.03      0.04      1000

    accuracy                           0.04     10000
   macro avg       0.05      0.04      0.04     10000
weighted avg       0.05      0.04      0.04     10000
