brightness: [86.78, 86.29, 85.36, 84.52, 82.34]
contrast: [86.2, 82.75, 78.23, 68.43, 34.79]
defocus_blur: [86.6, 85.51, 83.46, 79.99, 72.43]
elastic_transform: [82.14, 81.94, 80.91, 76.38, 72.79]
fog: [86.52, 85.6, 83.99, 80.94, 70.57]
frost: [84.04, 80.7, 75.42, 74.85, 68.46]
gaussian_blur: [86.63, 83.47, 80.39, 76.68, 67.84]
gaussian_noise: [78.81, 69.16, 57.46, 51.24, 46.52]
glass_blur: [63.15, 64.52, 68.1, 50.01, 54.41]
impulse_noise: [81.65, 74.15, 65.77, 47.24, 34.55]
jpeg_compression: [81.75, 79.11, 78.2, 77.44, 75.9]
motion_blur: [83.23, 78.43, 72.41, 72.03, 66.43]
pixelate: [85.9, 83.47, 80.7, 73.17, 59.1]
saturate: [84.6, 81.51, 85.69, 81.77, 76.13]
shot_noise: [82.98, 78.56, 65.66, 59.83, 50.34]
snow: [83.39, 75.97, 76.55, 74.6, 72.9]
spatter: [85.66, 82.2, 77.99, 82.29, 77.19]
speckle_noise: [82.82, 74.84, 70.58, 60.55, 52.26]
zoom_blur: [81.64, 81.69, 79.59, 77.92, 74.06]
