brightness: [93.37, 92.91, 92.16, 91.36, 88.38]
contrast: [92.76, 87.82, 81.56, 68.28, 27.24]
defocus_blur: [93.29, 91.44, 85.98, 75.91, 55.84]
elastic_transform: [88.32, 88.45, 84.27, 78.31, 75.42]
fog: [93.15, 91.76, 88.91, 84.41, 68.94]
frost: [89.44, 84.88, 75.31, 73.91, 64.01]
gaussian_blur: [93.29, 85.76, 75.71, 63.8, 41.3]
gaussian_noise: [79.87, 58.24, 37.51, 30.38, 25.75]
glass_blur: [56.34, 58.11, 60.94, 46.67, 49.33]
impulse_noise: [85.09, 74.74, 64.71, 38.9, 21.89]
jpeg_compression: [86.53, 82.33, 80.75, 78.59, 75.74]
motion_blur: [88.3, 80.14, 70.52, 70.53, 60.97]
pixelate: [91.4, 86.98, 83.02, 67.56, 49.97]
saturate: [91.03, 88.43, 92.54, 89.01, 83.13]
shot_noise: [86.59, 77.8, 52.89, 43.57, 31.61]
snow: [88.49, 78.89, 81.56, 78.78, 74.18]
spatter: [90.93, 87.05, 82.33, 85.44, 76.8]
speckle_noise: [86.42, 71.46, 63.62, 49.25, 37.89]
zoom_blur: [85.47, 82.72, 77.41, 72.25, 63.0]
