              precision    recall  f1-score   support

           0       0.04      0.08      0.06        52
           1       0.14      0.14      0.14        85
           2       0.07      0.03      0.04       152
           3       0.06      0.06      0.06        49
           4       0.03      0.03      0.03       114
           5       0.11      0.11      0.11        88
           6       0.14      0.08      0.10        96
           7       0.04      0.06      0.05        72
           8       0.04      0.06      0.05        72
           9       0.15      0.11      0.12       139
          10       0.03      0.03      0.03        75
          11       0.00      0.00      0.00        95
          12       0.05      0.06      0.05        87
          13       0.03      0.03      0.03        71
          14       0.18      0.10      0.13        59
          15       0.05      0.08      0.06        53
          16       0.10      0.30      0.15        57
          17       0.10      0.15      0.12        48
          18       0.02      0.04      0.03        51
          19       0.08      0.03      0.04       118
          20       0.02      0.01      0.02        82
          21       0.00      0.00      0.00        87
          22       0.07      0.12      0.09        88
          23       0.16      0.14      0.15        96
          24       0.06      0.14      0.08        51
          25       0.04      0.03      0.04       100
          26       0.22      0.17      0.19       132
          27       0.01      0.02      0.01        60
          28       0.02      0.02      0.02        55
          29       0.03      0.03      0.03        64
          30       0.04      0.04      0.04        82
          31       0.06      0.06      0.06        72
          32       0.08      0.10      0.09        79
          33       0.06      0.06      0.06        69
          34       0.11      0.11      0.11        72
          35       0.02      0.02      0.02        85
          36       0.06      0.06      0.06        64
          37       0.00      0.00      0.00        57
          38       0.04      0.04      0.04        97
          39       0.30      0.23      0.26       102
          40       0.06      0.02      0.03       102
          41       0.08      0.06      0.07        97
          42       0.09      0.14      0.11        96
          43       0.11      0.07      0.09        80
          44       0.09      0.07      0.08        82
          45       0.02      0.04      0.02        54
          46       0.06      0.05      0.06        57
          47       0.07      0.09      0.08        55
          48       0.09      0.05      0.06        58
          49       0.09      0.06      0.07       106
          50       0.30      0.25      0.27        83
          51       0.09      0.18      0.12        56
          52       0.10      0.16      0.12        69
          53       0.07      0.05      0.05        86
          54       0.03      0.04      0.04        52
          55       0.12      0.16      0.13        51
          56       0.06      0.04      0.05        50
          57       0.00      0.00      0.00        71
          58       0.01      0.01      0.01        67
          59       0.04      0.02      0.03        52
          60       0.06      0.04      0.04        54
          61       0.00      0.00      0.00        61
          62       0.26      0.24      0.25        55
          63       0.06      0.08      0.06        53
          64       0.03      0.06      0.04        52
          65       0.02      0.02      0.02        50
          66       0.06      0.07      0.06        59
          67       0.05      0.06      0.05        50
          68       0.00      0.00      0.00        59
          69       0.13      0.16      0.14        51
          70       0.14      0.16      0.15        50
          71       0.01      0.02      0.02        50
          72       0.10      0.15      0.12        54
          73       0.00      0.00      0.00        50
          74       0.05      0.04      0.04        50
          75       0.06      0.04      0.05        52
          76       0.00      0.00      0.00        53
          77       0.05      0.09      0.06        54
          78       0.12      0.09      0.10        69
          79       0.04      0.04      0.04        57
          80       0.00      0.00      0.00        53
          81       0.06      0.08      0.07        50
          82       0.03      0.06      0.04        50
          83       0.03      0.02      0.02        52
          84       0.03      0.06      0.04        52
          85       0.04      0.04      0.04        50
          86       0.09      0.05      0.06        84
          87       0.08      0.06      0.07        68
          88       0.27      0.16      0.20       118
          89       0.18      0.18      0.18        51
          90       0.16      0.19      0.17       102
          91       0.00      0.00      0.00        51
          92       0.01      0.02      0.02        56
          93       0.04      0.02      0.03        52
          94       0.00      0.00      0.00        59
          95       0.00      0.00      0.00        56
          96       0.10      0.11      0.11        70
          97       0.02      0.02      0.02        50
          98       0.04      0.04      0.04        78
          99       0.04      0.05      0.05        92
         100       0.03      0.02      0.02        50
         101       0.08      0.06      0.07       109
         102       0.05      0.02      0.03       100
         103       0.28      0.25      0.26       110
         104       0.11      0.06      0.08        95
         105       0.12      0.05      0.07       113
         106       0.14      0.10      0.12       118
         107       0.15      0.14      0.15       119
         108       0.05      0.04      0.05        96
         109       0.05      0.05      0.05        58
         110       0.02      0.02      0.02        53
         111       0.03      0.04      0.04        81
         112       0.02      0.04      0.03        55
         113       0.02      0.02      0.02        51
         114       0.07      0.11      0.09        55
         115       0.00      0.00      0.00        59
         116       0.09      0.11      0.10        55
         117       0.08      0.21      0.12        56
         118       0.10      0.26      0.14        50
         119       0.14      0.22      0.17        69

    accuracy                           0.08      8580
   macro avg       0.07      0.07      0.07      8580
weighted avg       0.08      0.08      0.07      8580
