              precision    recall  f1-score   support

           0       0.50      0.07      0.11      1000
           1       0.18      0.18      0.18      1000
           2       0.08      0.00      0.00      1000
           3       0.13      0.18      0.15      1000
           4       0.21      0.39      0.27      1000
           5       0.13      0.11      0.12      1000
           6       0.21      0.17      0.19      1000
           7       0.15      0.18      0.16      1000
           8       0.26      0.68      0.37      1000
           9       0.14      0.02      0.03      1000

    accuracy                           0.20     10000
   macro avg       0.20      0.20      0.16     10000
weighted avg       0.20      0.20      0.16     10000
