              precision    recall  f1-score   support

           0       0.78      0.80      0.79      1000
           1       0.88      0.90      0.89      1000
           2       0.73      0.65      0.69      1000
           3       0.55      0.65      0.60      1000
           4       0.76      0.67      0.71      1000
           5       0.69      0.68      0.69      1000
           6       0.80      0.83      0.81      1000
           7       0.81      0.80      0.81      1000
           8       0.87      0.87      0.87      1000
           9       0.87      0.86      0.86      1000

    accuracy                           0.77     10000
   macro avg       0.77      0.77      0.77     10000
weighted avg       0.77      0.77      0.77     10000
