              precision    recall  f1-score   support

           0       0.51      0.40      0.45        52
           1       0.68      0.79      0.73        85
           2       0.79      0.68      0.73       152
           3       0.59      0.69      0.64        49
           4       0.63      0.52      0.57       114
           5       0.87      0.68      0.76        88
           6       0.80      0.88      0.84        96
           7       0.64      0.65      0.64        72
           8       0.38      0.40      0.39        72
           9       0.89      0.79      0.84       139
          10       0.58      0.45      0.51        75
          11       0.64      0.52      0.57        95
          12       0.72      0.53      0.61        87
          13       0.71      0.58      0.64        71
          14       0.49      0.59      0.54        59
          15       0.36      0.55      0.43        53
          16       0.53      0.63      0.58        57
          17       0.47      0.60      0.53        48
          18       0.72      0.61      0.66        51
          19       0.70      0.41      0.51       118
          20       0.51      0.39      0.44        82
          21       0.54      0.51      0.52        87
          22       0.76      0.84      0.80        88
          23       0.83      0.89      0.86        96
          24       0.52      0.63      0.57        51
          25       0.82      0.53      0.64       100
          26       0.60      0.58      0.59       132
          27       0.66      0.80      0.72        60
          28       0.45      0.47      0.46        55
          29       0.41      0.38      0.39        64
          30       0.76      0.74      0.75        82
          31       0.62      0.76      0.68        72
          32       0.65      0.58      0.61        79
          33       0.43      0.57      0.49        69
          34       0.56      0.46      0.50        72
          35       0.65      0.56      0.60        85
          36       0.44      0.59      0.50        64
          37       0.59      0.63      0.61        57
          38       0.55      0.34      0.42        97
          39       0.73      0.67      0.70       102
          40       0.61      0.63      0.62       102
          41       0.70      0.60      0.64        97
          42       0.61      0.60      0.61        96
          43       0.59      0.59      0.59        80
          44       0.79      0.83      0.81        82
          45       0.50      0.52      0.51        54
          46       0.44      0.65      0.52        57
          47       0.55      0.51      0.53        55
          48       0.55      0.74      0.63        58
          49       0.58      0.50      0.54       106
          50       0.45      0.49      0.47        83
          51       0.65      0.55      0.60        56
          52       0.61      0.67      0.64        69
          53       0.48      0.49      0.49        86
          54       0.48      0.62      0.54        52
          55       0.62      0.71      0.66        51
          56       0.49      0.68      0.57        50
          57       0.54      0.54      0.54        71
          58       0.63      0.58      0.60        67
          59       0.67      0.54      0.60        52
          60       0.65      0.69      0.67        54
          61       0.63      0.69      0.66        61
          62       0.71      0.67      0.69        55
          63       0.59      0.72      0.65        53
          64       0.63      0.63      0.63        52
          65       0.73      0.72      0.73        50
          66       0.87      0.76      0.81        59
          67       0.60      0.72      0.65        50
          68       0.69      0.49      0.57        59
          69       0.67      0.76      0.72        51
          70       0.59      0.60      0.59        50
          71       0.45      0.70      0.55        50
          72       0.53      0.72      0.61        54
          73       0.60      0.88      0.72        50
          74       0.58      0.72      0.64        50
          75       0.46      0.58      0.51        52
          76       0.56      0.42      0.48        53
          77       0.80      0.83      0.82        54
          78       0.64      0.70      0.67        69
          79       0.64      0.65      0.64        57
          80       0.57      0.45      0.51        53
          81       0.52      0.64      0.57        50
          82       0.38      0.58      0.46        50
          83       0.56      0.79      0.66        52
          84       0.49      0.52      0.50        52
          85       0.38      0.50      0.43        50
          86       0.79      0.76      0.78        84
          87       0.72      0.72      0.72        68
          88       0.88      0.82      0.85       118
          89       0.50      0.49      0.50        51
          90       0.72      0.79      0.75       102
          91       0.50      0.51      0.50        51
          92       0.65      0.77      0.70        56
          93       0.57      0.63      0.60        52
          94       0.71      0.61      0.65        59
          95       0.40      0.38      0.39        56
          96       0.85      0.89      0.87        70
          97       0.21      0.32      0.25        50
          98       0.61      0.46      0.53        78
          99       0.47      0.40      0.44        92
         100       0.57      0.68      0.62        50
         101       0.84      0.58      0.68       109
         102       0.90      0.70      0.79       100
         103       0.83      0.73      0.78       110
         104       0.69      0.57      0.62        95
         105       0.68      0.59      0.64       113
         106       0.83      0.74      0.78       118
         107       0.85      0.79      0.82       119
         108       0.76      0.88      0.81        96
         109       0.73      0.91      0.81        58
         110       0.69      0.81      0.75        53
         111       0.72      0.63      0.67        81
         112       0.62      0.58      0.60        55
         113       0.33      0.41      0.37        51
         114       0.28      0.25      0.27        55
         115       0.42      0.37      0.40        59
         116       0.60      0.67      0.63        55
         117       0.58      0.66      0.62        56
         118       0.76      0.84      0.80        50
         119       0.78      0.74      0.76        69

    accuracy                           0.63      8580
   macro avg       0.62      0.62      0.61      8580
weighted avg       0.64      0.63      0.63      8580
