              precision    recall  f1-score   support

           0       0.24      0.77      0.37      1000
           1       0.89      0.28      0.43      1000
           2       0.43      0.47      0.45      1000
           3       0.42      0.23      0.30      1000
           4       0.59      0.37      0.46      1000
           5       0.40      0.28      0.33      1000
           6       0.51      0.53      0.52      1000
           7       0.83      0.27      0.40      1000
           8       0.41      0.78      0.54      1000
           9       0.85      0.24      0.38      1000

    accuracy                           0.42     10000
   macro avg       0.56      0.42      0.42     10000
weighted avg       0.56      0.42      0.42     10000
