              precision    recall  f1-score   support

           0       0.36      0.31      0.33        52
           1       0.72      0.79      0.75        85
           2       0.71      0.60      0.65       152
           3       0.54      0.69      0.61        49
           4       0.54      0.39      0.46       114
           5       0.81      0.72      0.76        88
           6       0.77      0.76      0.76        96
           7       0.56      0.58      0.57        72
           8       0.38      0.32      0.35        72
           9       0.77      0.65      0.70       139
          10       0.44      0.45      0.45        75
          11       0.49      0.44      0.47        95
          12       0.60      0.52      0.56        87
          13       0.54      0.56      0.55        71
          14       0.48      0.44      0.46        59
          15       0.39      0.49      0.44        53
          16       0.47      0.60      0.53        57
          17       0.48      0.58      0.53        48
          18       0.33      0.33      0.33        51
          19       0.48      0.35      0.40       118
          20       0.38      0.34      0.36        82
          21       0.28      0.25      0.27        87
          22       0.58      0.65      0.61        88
          23       0.65      0.66      0.65        96
          24       0.48      0.67      0.56        51
          25       0.43      0.36      0.39       100
          26       0.58      0.50      0.54       132
          27       0.63      0.70      0.66        60
          28       0.31      0.27      0.29        55
          29       0.22      0.16      0.18        64
          30       0.66      0.72      0.69        82
          31       0.72      0.69      0.71        72
          32       0.52      0.53      0.53        79
          33       0.57      0.52      0.55        69
          34       0.44      0.43      0.43        72
          35       0.45      0.45      0.45        85
          36       0.36      0.45      0.40        64
          37       0.59      0.61      0.60        57
          38       0.46      0.39      0.42        97
          39       0.59      0.58      0.58       102
          40       0.64      0.57      0.60       102
          41       0.56      0.40      0.47        97
          42       0.48      0.42      0.44        96
          43       0.56      0.53      0.54        80
          44       0.65      0.71      0.68        82
          45       0.29      0.26      0.27        54
          46       0.26      0.40      0.32        57
          47       0.36      0.45      0.40        55
          48       0.45      0.59      0.51        58
          49       0.50      0.43      0.46       106
          50       0.58      0.57      0.57        83
          51       0.46      0.45      0.45        56
          52       0.48      0.61      0.54        69
          53       0.45      0.45      0.45        86
          54       0.36      0.48      0.41        52
          55       0.53      0.57      0.55        51
          56       0.54      0.62      0.58        50
          57       0.44      0.42      0.43        71
          58       0.53      0.60      0.56        67
          59       0.49      0.54      0.51        52
          60       0.46      0.67      0.54        54
          61       0.53      0.43      0.47        61
          62       0.58      0.69      0.63        55
          63       0.52      0.74      0.61        53
          64       0.47      0.63      0.54        52
          65       0.64      0.74      0.69        50
          66       0.65      0.66      0.66        59
          67       0.49      0.56      0.52        50
          68       0.51      0.36      0.42        59
          69       0.71      0.78      0.75        51
          70       0.67      0.52      0.58        50
          71       0.35      0.44      0.39        50
          72       0.53      0.63      0.58        54
          73       0.52      0.48      0.50        50
          74       0.40      0.48      0.44        50
          75       0.43      0.50      0.46        52
          76       0.44      0.40      0.42        53
          77       0.69      0.69      0.69        54
          78       0.66      0.75      0.70        69
          79       0.51      0.54      0.53        57
          80       0.38      0.42      0.40        53
          81       0.36      0.44      0.40        50
          82       0.38      0.36      0.37        50
          83       0.41      0.56      0.48        52
          84       0.43      0.48      0.45        52
          85       0.34      0.40      0.37        50
          86       0.60      0.54      0.57        84
          87       0.51      0.60      0.55        68
          88       0.71      0.67      0.69       118
          89       0.25      0.31      0.28        51
          90       0.69      0.59      0.63       102
          91       0.39      0.47      0.42        51
          92       0.60      0.59      0.59        56
          93       0.41      0.42      0.42        52
          94       0.48      0.41      0.44        59
          95       0.36      0.29      0.32        56
          96       0.85      0.90      0.88        70
          97       0.18      0.24      0.21        50
          98       0.44      0.44      0.44        78
          99       0.35      0.34      0.34        92
         100       0.40      0.40      0.40        50
         101       0.56      0.48      0.51       109
         102       0.63      0.56      0.59       100
         103       0.80      0.80      0.80       110
         104       0.49      0.39      0.44        95
         105       0.49      0.50      0.49       113
         106       0.63      0.70      0.66       118
         107       0.83      0.66      0.74       119
         108       0.74      0.68      0.71        96
         109       0.73      0.76      0.75        58
         110       0.61      0.68      0.64        53
         111       0.64      0.56      0.60        81
         112       0.40      0.40      0.40        55
         113       0.25      0.27      0.26        51
         114       0.12      0.09      0.10        55
         115       0.16      0.14      0.15        59
         116       0.73      0.67      0.70        55
         117       0.46      0.59      0.52        56
         118       0.62      0.68      0.65        50
         119       0.65      0.72      0.68        69

    accuracy                           0.53      8580
   macro avg       0.51      0.52      0.51      8580
weighted avg       0.53      0.53      0.53      8580
