              precision    recall  f1-score   support

           0       0.16      0.17      0.16        52
           1       0.64      0.74      0.69        85
           2       0.69      0.58      0.63       152
           3       0.43      0.57      0.49        49
           4       0.45      0.39      0.42       114
           5       0.80      0.72      0.75        88
           6       0.73      0.67      0.70        96
           7       0.57      0.54      0.55        72
           8       0.24      0.21      0.22        72
           9       0.78      0.60      0.68       139
          10       0.41      0.41      0.41        75
          11       0.48      0.40      0.44        95
          12       0.54      0.48      0.51        87
          13       0.65      0.62      0.63        71
          14       0.43      0.46      0.44        59
          15       0.38      0.47      0.42        53
          16       0.51      0.61      0.56        57
          17       0.34      0.44      0.39        48
          18       0.24      0.29      0.27        51
          19       0.50      0.38      0.43       118
          20       0.28      0.26      0.27        82
          21       0.31      0.25      0.28        87
          22       0.57      0.66      0.61        88
          23       0.68      0.74      0.71        96
          24       0.45      0.75      0.56        51
          25       0.41      0.32      0.36       100
          26       0.58      0.45      0.51       132
          27       0.52      0.55      0.53        60
          28       0.26      0.25      0.26        55
          29       0.29      0.16      0.20        64
          30       0.70      0.67      0.68        82
          31       0.63      0.67      0.65        72
          32       0.64      0.61      0.62        79
          33       0.54      0.55      0.55        69
          34       0.38      0.39      0.39        72
          35       0.54      0.53      0.53        85
          36       0.28      0.36      0.32        64
          37       0.55      0.58      0.56        57
          38       0.54      0.44      0.49        97
          39       0.64      0.61      0.62       102
          40       0.58      0.55      0.56       102
          41       0.62      0.46      0.53        97
          42       0.58      0.49      0.53        96
          43       0.49      0.49      0.49        80
          44       0.63      0.70      0.66        82
          45       0.23      0.26      0.24        54
          46       0.25      0.33      0.29        57
          47       0.35      0.44      0.39        55
          48       0.58      0.59      0.58        58
          49       0.51      0.41      0.45       106
          50       0.56      0.46      0.50        83
          51       0.54      0.50      0.52        56
          52       0.54      0.52      0.53        69
          53       0.38      0.36      0.37        86
          54       0.36      0.46      0.41        52
          55       0.46      0.61      0.52        51
          56       0.44      0.56      0.50        50
          57       0.50      0.39      0.44        71
          58       0.55      0.49      0.52        67
          59       0.49      0.54      0.51        52
          60       0.47      0.63      0.54        54
          61       0.37      0.38      0.37        61
          62       0.56      0.69      0.62        55
          63       0.46      0.64      0.54        53
          64       0.42      0.52      0.46        52
          65       0.53      0.74      0.62        50
          66       0.70      0.63      0.66        59
          67       0.51      0.52      0.51        50
          68       0.37      0.25      0.30        59
          69       0.63      0.84      0.72        51
          70       0.58      0.50      0.54        50
          71       0.37      0.48      0.42        50
          72       0.52      0.59      0.56        54
          73       0.50      0.56      0.53        50
          74       0.43      0.46      0.45        50
          75       0.38      0.56      0.45        52
          76       0.23      0.26      0.25        53
          77       0.60      0.78      0.68        54
          78       0.62      0.71      0.66        69
          79       0.47      0.49      0.48        57
          80       0.33      0.42      0.37        53
          81       0.41      0.46      0.43        50
          82       0.38      0.48      0.42        50
          83       0.52      0.63      0.57        52
          84       0.38      0.48      0.43        52
          85       0.26      0.28      0.27        50
          86       0.64      0.57      0.60        84
          87       0.51      0.65      0.57        68
          88       0.79      0.63      0.70       118
          89       0.31      0.43      0.36        51
          90       0.67      0.64      0.65       102
          91       0.50      0.43      0.46        51
          92       0.62      0.64      0.63        56
          93       0.35      0.42      0.38        52
          94       0.49      0.42      0.45        59
          95       0.31      0.23      0.27        56
          96       0.78      0.91      0.84        70
          97       0.20      0.28      0.23        50
          98       0.51      0.50      0.50        78
          99       0.39      0.35      0.37        92
         100       0.46      0.50      0.48        50
         101       0.69      0.54      0.61       109
         102       0.66      0.53      0.59       100
         103       0.74      0.78      0.76       110
         104       0.47      0.38      0.42        95
         105       0.49      0.47      0.48       113
         106       0.59      0.67      0.63       118
         107       0.80      0.69      0.74       119
         108       0.75      0.61      0.67        96
         109       0.73      0.69      0.71        58
         110       0.63      0.64      0.64        53
         111       0.64      0.53      0.58        81
         112       0.40      0.35      0.37        55
         113       0.20      0.22      0.21        51
         114       0.29      0.22      0.25        55
         115       0.13      0.10      0.11        59
         116       0.63      0.65      0.64        55
         117       0.42      0.50      0.46        56
         118       0.53      0.72      0.61        50
         119       0.73      0.71      0.72        69

    accuracy                           0.51      8580
   macro avg       0.50      0.51      0.50      8580
weighted avg       0.52      0.51      0.51      8580
