              precision    recall  f1-score   support

           0       0.75      0.80      0.77      1000
           1       0.93      0.90      0.91      1000
           2       0.71      0.65      0.68      1000
           3       0.55      0.63      0.59      1000
           4       0.80      0.64      0.71      1000
           5       0.67      0.70      0.69      1000
           6       0.77      0.84      0.80      1000
           7       0.83      0.78      0.80      1000
           8       0.81      0.88      0.84      1000
           9       0.89      0.84      0.87      1000

    accuracy                           0.77     10000
   macro avg       0.77      0.77      0.77     10000
weighted avg       0.77      0.77      0.77     10000
