              precision    recall  f1-score   support

           0       0.76      0.82      0.79      1000
           1       0.87      0.91      0.89      1000
           2       0.71      0.67      0.69      1000
           3       0.61      0.61      0.61      1000
           4       0.80      0.64      0.71      1000
           5       0.66      0.72      0.69      1000
           6       0.76      0.83      0.79      1000
           7       0.85      0.78      0.81      1000
           8       0.87      0.88      0.88      1000
           9       0.88      0.85      0.86      1000

    accuracy                           0.77     10000
   macro avg       0.78      0.77      0.77     10000
weighted avg       0.78      0.77      0.77     10000
