              precision    recall  f1-score   support

           0       0.25      0.71      0.37      1000
           1       0.60      0.29      0.39      1000
           2       0.36      0.52      0.43      1000
           3       0.35      0.26      0.30      1000
           4       0.44      0.41      0.42      1000
           5       0.48      0.22      0.30      1000
           6       0.48      0.43      0.45      1000
           7       0.66      0.29      0.41      1000
           8       0.49      0.61      0.54      1000
           9       0.80      0.36      0.50      1000

    accuracy                           0.41     10000
   macro avg       0.49      0.41      0.41     10000
weighted avg       0.49      0.41      0.41     10000
