              precision    recall  f1-score   support

           0       0.45      0.38      0.42        52
           1       0.75      0.82      0.79        85
           2       0.79      0.67      0.73       152
           3       0.69      0.73      0.71        49
           4       0.66      0.48      0.56       114
           5       0.92      0.78      0.85        88
           6       0.84      0.79      0.82        96
           7       0.63      0.61      0.62        72
           8       0.44      0.43      0.43        72
           9       0.89      0.75      0.81       139
          10       0.63      0.45      0.53        75
          11       0.63      0.49      0.55        95
          12       0.79      0.66      0.72        87
          13       0.63      0.63      0.63        71
          14       0.53      0.61      0.57        59
          15       0.33      0.47      0.39        53
          16       0.47      0.58      0.52        57
          17       0.34      0.56      0.42        48
          18       0.59      0.59      0.59        51
          19       0.69      0.47      0.56       118
          20       0.59      0.45      0.51        82
          21       0.54      0.41      0.47        87
          22       0.81      0.76      0.78        88
          23       0.82      0.93      0.87        96
          24       0.54      0.65      0.59        51
          25       0.74      0.51      0.60       100
          26       0.65      0.62      0.64       132
          27       0.65      0.75      0.70        60
          28       0.42      0.51      0.46        55
          29       0.46      0.30      0.36        64
          30       0.76      0.78      0.77        82
          31       0.64      0.79      0.71        72
          32       0.59      0.57      0.58        79
          33       0.41      0.59      0.49        69
          34       0.45      0.44      0.45        72
          35       0.62      0.65      0.64        85
          36       0.43      0.67      0.52        64
          37       0.51      0.72      0.60        57
          38       0.62      0.42      0.50        97
          39       0.67      0.61      0.64       102
          40       0.70      0.63      0.66       102
          41       0.67      0.54      0.59        97
          42       0.60      0.53      0.56        96
          43       0.65      0.60      0.62        80
          44       0.75      0.84      0.79        82
          45       0.48      0.48      0.48        54
          46       0.44      0.51      0.47        57
          47       0.51      0.53      0.52        55
          48       0.58      0.64      0.61        58
          49       0.63      0.45      0.53       106
          50       0.57      0.46      0.51        83
          51       0.50      0.59      0.54        56
          52       0.57      0.67      0.61        69
          53       0.44      0.48      0.46        86
          54       0.50      0.58      0.54        52
          55       0.56      0.45      0.50        51
          56       0.51      0.70      0.59        50
          57       0.57      0.49      0.53        71
          58       0.55      0.48      0.51        67
          59       0.68      0.62      0.65        52
          60       0.50      0.74      0.60        54
          61       0.52      0.59      0.55        61
          62       0.66      0.78      0.72        55
          63       0.62      0.74      0.67        53
          64       0.65      0.67      0.66        52
          65       0.71      0.72      0.71        50
          66       0.80      0.75      0.77        59
          67       0.69      0.66      0.67        50
          68       0.68      0.47      0.56        59
          69       0.90      0.86      0.88        51
          70       0.50      0.62      0.55        50
          71       0.42      0.66      0.52        50
          72       0.53      0.69      0.60        54
          73       0.59      0.82      0.68        50
          74       0.57      0.74      0.64        50
          75       0.41      0.54      0.47        52
          76       0.39      0.36      0.37        53
          77       0.69      0.81      0.75        54
          78       0.62      0.83      0.71        69
          79       0.64      0.60      0.62        57
          80       0.50      0.51      0.50        53
          81       0.48      0.64      0.55        50
          82       0.37      0.52      0.43        50
          83       0.52      0.71      0.60        52
          84       0.50      0.60      0.54        52
          85       0.45      0.46      0.46        50
          86       0.71      0.80      0.75        84
          87       0.57      0.68      0.62        68
          88       0.81      0.77      0.79       118
          89       0.41      0.37      0.39        51
          90       0.69      0.73      0.70       102
          91       0.44      0.43      0.44        51
          92       0.61      0.66      0.63        56
          93       0.60      0.56      0.58        52
          94       0.72      0.53      0.61        59
          95       0.44      0.36      0.40        56
          96       0.88      0.94      0.91        70
          97       0.29      0.44      0.35        50
          98       0.63      0.53      0.57        78
          99       0.48      0.38      0.42        92
         100       0.54      0.60      0.57        50
         101       0.71      0.60      0.65       109
         102       0.91      0.70      0.79       100
         103       0.84      0.72      0.77       110
         104       0.67      0.56      0.61        95
         105       0.66      0.56      0.60       113
         106       0.78      0.72      0.75       118
         107       0.83      0.71      0.77       119
         108       0.71      0.81      0.76        96
         109       0.79      0.95      0.86        58
         110       0.61      0.79      0.69        53
         111       0.75      0.69      0.72        81
         112       0.57      0.56      0.57        55
         113       0.40      0.55      0.46        51
         114       0.39      0.27      0.32        55
         115       0.30      0.29      0.30        59
         116       0.60      0.62      0.61        55
         117       0.61      0.62      0.62        56
         118       0.76      0.88      0.81        50
         119       0.80      0.70      0.74        69

    accuracy                           0.62      8580
   macro avg       0.60      0.61      0.60      8580
weighted avg       0.63      0.62      0.62      8580
