              precision    recall  f1-score   support

           0       0.50      0.64      0.56      1000
           1       0.56      0.60      0.58      1000
           2       0.40      0.35      0.38      1000
           3       0.39      0.26      0.31      1000
           4       0.48      0.40      0.44      1000
           5       0.48      0.47      0.47      1000
           6       0.51      0.65      0.57      1000
           7       0.54      0.55      0.55      1000
           8       0.60      0.68      0.64      1000
           9       0.59      0.51      0.55      1000

    accuracy                           0.51     10000
   macro avg       0.51      0.51      0.50     10000
weighted avg       0.51      0.51      0.50     10000
