              precision    recall  f1-score   support

           0       0.58      0.56      0.57        52
           1       0.83      0.87      0.85        85
           2       0.81      0.66      0.73       152
           3       0.64      0.65      0.65        49
           4       0.57      0.55      0.56       114
           5       0.81      0.80      0.80        88
           6       0.89      0.79      0.84        96
           7       0.56      0.50      0.53        72
           8       0.50      0.39      0.44        72
           9       0.92      0.79      0.85       139
          10       0.69      0.53      0.60        75
          11       0.59      0.57      0.58        95
          12       0.73      0.70      0.71        87
          13       0.68      0.62      0.65        71
          14       0.66      0.76      0.71        59
          15       0.35      0.45      0.39        53
          16       0.53      0.56      0.55        57
          17       0.37      0.56      0.45        48
          18       0.55      0.53      0.54        51
          19       0.62      0.46      0.53       118
          20       0.53      0.54      0.53        82
          21       0.55      0.43      0.48        87
          22       0.78      0.78      0.78        88
          23       0.78      0.82      0.80        96
          24       0.55      0.75      0.63        51
          25       0.73      0.61      0.67       100
          26       0.73      0.73      0.73       132
          27       0.70      0.85      0.77        60
          28       0.49      0.40      0.44        55
          29       0.39      0.34      0.37        64
          30       0.80      0.80      0.80        82
          31       0.74      0.79      0.77        72
          32       0.74      0.70      0.72        79
          33       0.68      0.72      0.70        69
          34       0.58      0.60      0.59        72
          35       0.56      0.59      0.57        85
          36       0.41      0.50      0.45        64
          37       0.78      0.68      0.73        57
          38       0.56      0.46      0.51        97
          39       0.89      0.81      0.85       102
          40       0.65      0.68      0.66       102
          41       0.72      0.65      0.68        97
          42       0.76      0.58      0.66        96
          43       0.76      0.82      0.79        80
          44       0.74      0.70      0.72        82
          45       0.50      0.43      0.46        54
          46       0.40      0.54      0.46        57
          47       0.46      0.49      0.47        55
          48       0.60      0.78      0.68        58
          49       0.65      0.58      0.61       106
          50       0.65      0.61      0.63        83
          51       0.56      0.50      0.53        56
          52       0.70      0.77      0.73        69
          53       0.45      0.47      0.46        86
          54       0.57      0.83      0.68        52
          55       0.70      0.78      0.74        51
          56       0.61      0.72      0.66        50
          57       0.54      0.61      0.57        71
          58       0.75      0.54      0.63        67
          59       0.70      0.62      0.65        52
          60       0.67      0.80      0.73        54
          61       0.60      0.52      0.56        61
          62       0.75      0.80      0.77        55
          63       0.66      0.74      0.70        53
          64       0.57      0.75      0.65        52
          65       0.78      0.92      0.84        50
          66       0.78      0.73      0.75        59
          67       0.70      0.70      0.70        50
          68       0.61      0.53      0.56        59
          69       0.79      0.86      0.82        51
          70       0.66      0.74      0.70        50
          71       0.45      0.62      0.52        50
          72       0.67      0.83      0.74        54
          73       0.68      0.76      0.72        50
          74       0.48      0.64      0.55        50
          75       0.56      0.60      0.58        52
          76       0.51      0.49      0.50        53
          77       0.71      0.87      0.78        54
          78       0.66      0.77      0.71        69
          79       0.65      0.63      0.64        57
          80       0.55      0.42      0.47        53
          81       0.52      0.62      0.56        50
          82       0.56      0.60      0.58        50
          83       0.64      0.83      0.72        52
          84       0.54      0.67      0.60        52
          85       0.52      0.64      0.58        50
          86       0.70      0.58      0.64        84
          87       0.49      0.60      0.54        68
          88       0.92      0.75      0.82       118
          89       0.35      0.43      0.39        51
          90       0.68      0.63      0.65       102
          91       0.50      0.53      0.51        51
          92       0.69      0.71      0.70        56
          93       0.60      0.71      0.65        52
          94       0.62      0.63      0.62        59
          95       0.51      0.45      0.48        56
          96       0.87      0.93      0.90        70
          97       0.24      0.42      0.30        50
          98       0.52      0.55      0.54        78
          99       0.51      0.24      0.33        92
         100       0.57      0.62      0.60        50
         101       0.76      0.67      0.71       109
         102       0.73      0.72      0.73       100
         103       0.81      0.85      0.83       110
         104       0.68      0.64      0.66        95
         105       0.60      0.60      0.60       113
         106       0.82      0.83      0.83       118
         107       0.91      0.74      0.81       119
         108       0.83      0.91      0.87        96
         109       0.87      0.91      0.89        58
         110       0.76      0.72      0.74        53
         111       0.77      0.75      0.76        81
         112       0.59      0.47      0.53        55
         113       0.39      0.47      0.42        51
         114       0.26      0.18      0.21        55
         115       0.63      0.41      0.49        59
         116       0.90      0.80      0.85        55
         117       0.56      0.62      0.59        56
         118       0.72      0.86      0.78        50
         119       0.78      0.84      0.81        69

    accuracy                           0.65      8580
   macro avg       0.64      0.65      0.64      8580
weighted avg       0.66      0.65      0.65      8580
