              precision    recall  f1-score   support

           0       0.27      0.78      0.41      1000
           1       0.62      0.33      0.43      1000
           2       0.41      0.56      0.47      1000
           3       0.38      0.32      0.35      1000
           4       0.53      0.43      0.47      1000
           5       0.52      0.27      0.36      1000
           6       0.56      0.47      0.51      1000
           7       0.73      0.36      0.48      1000
           8       0.52      0.66      0.58      1000
           9       0.82      0.40      0.54      1000

    accuracy                           0.46     10000
   macro avg       0.54      0.46      0.46     10000
weighted avg       0.54      0.46      0.46     10000
