              precision    recall  f1-score   support

           0       0.06      0.06      0.06        52
           1       0.12      0.16      0.14        85
           2       0.14      0.07      0.09       152
           3       0.10      0.18      0.13        49
           4       0.08      0.06      0.07       114
           5       0.24      0.36      0.29        88
           6       0.22      0.22      0.22        96
           7       0.16      0.17      0.16        72
           8       0.09      0.12      0.10        72
           9       0.19      0.05      0.08       139
          10       0.05      0.05      0.05        75
          11       0.12      0.11      0.11        95
          12       0.15      0.17      0.16        87
          13       0.06      0.06      0.06        71
          14       0.19      0.17      0.18        59
          15       0.12      0.08      0.09        53
          16       0.11      0.11      0.11        57
          17       0.11      0.17      0.13        48
          18       0.04      0.06      0.05        51
          19       0.02      0.01      0.01       118
          20       0.10      0.06      0.08        82
          21       0.05      0.03      0.04        87
          22       0.21      0.17      0.19        88
          23       0.21      0.16      0.18        96
          24       0.05      0.04      0.04        51
          25       0.05      0.03      0.04       100
          26       0.18      0.13      0.15       132
          27       0.06      0.07      0.07        60
          28       0.02      0.02      0.02        55
          29       0.09      0.08      0.08        64
          30       0.12      0.07      0.09        82
          31       0.11      0.08      0.09        72
          32       0.15      0.08      0.10        79
          33       0.11      0.07      0.09        69
          34       0.15      0.10      0.12        72
          35       0.09      0.09      0.09        85
          36       0.06      0.08      0.07        64
          37       0.06      0.05      0.06        57
          38       0.12      0.05      0.07        97
          39       0.24      0.17      0.20       102
          40       0.18      0.07      0.10       102
          41       0.05      0.05      0.05        97
          42       0.13      0.09      0.11        96
          43       0.08      0.07      0.08        80
          44       0.14      0.21      0.17        82
          45       0.11      0.15      0.13        54
          46       0.06      0.09      0.07        57
          47       0.02      0.02      0.02        55
          48       0.05      0.05      0.05        58
          49       0.16      0.13      0.14       106
          50       0.14      0.13      0.13        83
          51       0.09      0.07      0.08        56
          52       0.07      0.12      0.08        69
          53       0.13      0.07      0.09        86
          54       0.02      0.02      0.02        52
          55       0.02      0.02      0.02        51
          56       0.00      0.00      0.00        50
          57       0.05      0.03      0.04        71
          58       0.12      0.10      0.11        67
          59       0.07      0.06      0.06        52
          60       0.15      0.20      0.17        54
          61       0.00      0.00      0.00        61
          62       0.22      0.29      0.25        55
          63       0.08      0.09      0.09        53
          64       0.05      0.12      0.07        52
          65       0.15      0.44      0.23        50
          66       0.25      0.32      0.28        59
          67       0.11      0.20      0.14        50
          68       0.02      0.02      0.02        59
          69       0.17      0.29      0.22        51
          70       0.21      0.20      0.21        50
          71       0.09      0.18      0.12        50
          72       0.16      0.13      0.14        54
          73       0.15      0.22      0.18        50
          74       0.07      0.12      0.09        50
          75       0.03      0.06      0.04        52
          76       0.12      0.09      0.11        53
          77       0.26      0.44      0.32        54
          78       0.16      0.13      0.14        69
          79       0.12      0.21      0.15        57
          80       0.04      0.08      0.05        53
          81       0.11      0.22      0.15        50
          82       0.06      0.08      0.07        50
          83       0.14      0.25      0.18        52
          84       0.05      0.04      0.04        52
          85       0.10      0.12      0.11        50
          86       0.16      0.18      0.17        84
          87       0.20      0.29      0.24        68
          88       0.38      0.26      0.31       118
          89       0.14      0.29      0.19        51
          90       0.32      0.33      0.33       102
          91       0.06      0.08      0.07        51
          92       0.04      0.04      0.04        56
          93       0.13      0.19      0.16        52
          94       0.00      0.00      0.00        59
          95       0.10      0.09      0.09        56
          96       0.25      0.41      0.32        70
          97       0.05      0.06      0.06        50
          98       0.10      0.15      0.12        78
          99       0.11      0.11      0.11        92
         100       0.06      0.06      0.06        50
         101       0.24      0.13      0.17       109
         102       0.10      0.05      0.07       100
         103       0.31      0.37      0.34       110
         104       0.09      0.04      0.06        95
         105       0.09      0.04      0.06       113
         106       0.16      0.09      0.12       118
         107       0.20      0.18      0.19       119
         108       0.13      0.09      0.11        96
         109       0.25      0.28      0.26        58
         110       0.13      0.11      0.12        53
         111       0.20      0.26      0.23        81
         112       0.02      0.02      0.02        55
         113       0.00      0.00      0.00        51
         114       0.07      0.05      0.06        55
         115       0.00      0.00      0.00        59
         116       0.13      0.07      0.09        55
         117       0.13      0.14      0.14        56
         118       0.22      0.36      0.27        50
         119       0.29      0.52      0.38        69

    accuracy                           0.13      8580
   macro avg       0.12      0.13      0.12      8580
weighted avg       0.13      0.13      0.12      8580
