              precision    recall  f1-score   support

           0       0.88      0.89      0.88      1000
           1       0.94      0.95      0.95      1000
           2       0.81      0.83      0.82      1000
           3       0.78      0.72      0.75      1000
           4       0.87      0.86      0.87      1000
           5       0.79      0.83      0.81      1000
           6       0.89      0.91      0.90      1000
           7       0.94      0.90      0.92      1000
           8       0.92      0.93      0.93      1000
           9       0.94      0.92      0.93      1000

    accuracy                           0.88     10000
   macro avg       0.88      0.88      0.87     10000
weighted avg       0.88      0.88      0.87     10000
