              precision    recall  f1-score   support

           0       0.72      0.75      0.74      1000
           1       0.87      0.84      0.85      1000
           2       0.62      0.60      0.61      1000
           3       0.53      0.45      0.48      1000
           4       0.70      0.59      0.64      1000
           5       0.54      0.69      0.60      1000
           6       0.74      0.78      0.76      1000
           7       0.77      0.73      0.75      1000
           8       0.82      0.85      0.83      1000
           9       0.83      0.84      0.84      1000

    accuracy                           0.71     10000
   macro avg       0.72      0.71      0.71     10000
weighted avg       0.72      0.71      0.71     10000
