              precision    recall  f1-score   support

           0       0.71      0.66      0.69      1000
           1       0.82      0.83      0.83      1000
           2       0.59      0.52      0.55      1000
           3       0.48      0.48      0.48      1000
           4       0.61      0.59      0.60      1000
           5       0.58      0.60      0.59      1000
           6       0.74      0.74      0.74      1000
           7       0.71      0.74      0.72      1000
           8       0.75      0.82      0.78      1000
           9       0.78      0.82      0.80      1000

    accuracy                           0.68     10000
   macro avg       0.68      0.68      0.68     10000
weighted avg       0.68      0.68      0.68     10000
