              precision    recall  f1-score   support

           0       0.64      0.54      0.58        52
           1       0.86      0.81      0.84        85
           2       0.89      0.68      0.77       152
           3       0.71      0.80      0.75        49
           4       0.66      0.66      0.66       114
           5       0.83      0.90      0.86        88
           6       0.89      0.89      0.89        96
           7       0.68      0.68      0.68        72
           8       0.53      0.44      0.48        72
           9       0.92      0.91      0.91       139
          10       0.73      0.65      0.69        75
          11       0.69      0.64      0.66        95
          12       0.88      0.67      0.76        87
          13       0.78      0.69      0.73        71
          14       0.61      0.66      0.63        59
          15       0.43      0.49      0.46        53
          16       0.53      0.61      0.57        57
          17       0.53      0.65      0.58        48
          18       0.63      0.75      0.68        51
          19       0.83      0.63      0.71       118
          20       0.69      0.54      0.60        82
          21       0.59      0.59      0.59        87
          22       0.78      0.84      0.81        88
          23       0.90      0.93      0.91        96
          24       0.47      0.82      0.60        51
          25       0.85      0.71      0.77       100
          26       0.75      0.66      0.70       132
          27       0.77      0.78      0.78        60
          28       0.51      0.49      0.50        55
          29       0.50      0.42      0.46        64
          30       0.81      0.80      0.81        82
          31       0.78      0.79      0.79        72
          32       0.73      0.65      0.68        79
          33       0.60      0.70      0.64        69
          34       0.48      0.56      0.51        72
          35       0.69      0.65      0.67        85
          36       0.54      0.61      0.57        64
          37       0.68      0.68      0.68        57
          38       0.63      0.41      0.50        97
          39       0.78      0.75      0.76       102
          40       0.72      0.68      0.70       102
          41       0.67      0.61      0.64        97
          42       0.63      0.59      0.61        96
          43       0.72      0.65      0.68        80
          44       0.82      0.78      0.80        82
          45       0.52      0.46      0.49        54
          46       0.48      0.54      0.51        57
          47       0.52      0.56      0.54        55
          48       0.70      0.74      0.72        58
          49       0.62      0.59      0.61       106
          50       0.63      0.61      0.62        83
          51       0.50      0.57      0.53        56
          52       0.69      0.74      0.71        69
          53       0.52      0.53      0.53        86
          54       0.61      0.73      0.67        52
          55       0.68      0.78      0.73        51
          56       0.62      0.70      0.66        50
          57       0.64      0.54      0.58        71
          58       0.57      0.69      0.63        67
          59       0.82      0.77      0.79        52
          60       0.66      0.76      0.71        54
          61       0.69      0.70      0.70        61
          62       0.75      0.82      0.78        55
          63       0.72      0.77      0.75        53
          64       0.69      0.67      0.68        52
          65       0.74      0.84      0.79        50
          66       0.88      0.83      0.85        59
          67       0.70      0.78      0.74        50
          68       0.65      0.53      0.58        59
          69       0.82      0.80      0.81        51
          70       0.64      0.64      0.64        50
          71       0.49      0.68      0.57        50
          72       0.76      0.81      0.79        54
          73       0.82      0.82      0.82        50
          74       0.66      0.88      0.75        50
          75       0.50      0.63      0.56        52
          76       0.52      0.51      0.51        53
          77       0.76      0.89      0.82        54
          78       0.74      0.87      0.80        69
          79       0.70      0.65      0.67        57
          80       0.50      0.43      0.46        53
          81       0.54      0.64      0.59        50
          82       0.42      0.62      0.50        50
          83       0.64      0.75      0.69        52
          84       0.76      0.54      0.63        52
          85       0.52      0.58      0.55        50
          86       0.82      0.76      0.79        84
          87       0.67      0.68      0.67        68
          88       0.90      0.83      0.86       118
          89       0.54      0.73      0.62        51
          90       0.73      0.73      0.73       102
          91       0.57      0.61      0.59        51
          92       0.78      0.80      0.79        56
          93       0.58      0.73      0.64        52
          94       0.74      0.73      0.74        59
          95       0.52      0.50      0.51        56
          96       0.92      0.94      0.93        70
          97       0.28      0.46      0.35        50
          98       0.70      0.56      0.62        78
          99       0.55      0.45      0.49        92
         100       0.62      0.74      0.67        50
         101       0.73      0.56      0.64       109
         102       0.90      0.73      0.81       100
         103       0.87      0.85      0.86       110
         104       0.68      0.56      0.61        95
         105       0.70      0.69      0.70       113
         106       0.84      0.75      0.79       118
         107       0.86      0.85      0.85       119
         108       0.82      0.86      0.84        96
         109       0.88      0.97      0.92        58
         110       0.67      0.85      0.75        53
         111       0.81      0.64      0.72        81
         112       0.50      0.56      0.53        55
         113       0.44      0.47      0.46        51
         114       0.34      0.36      0.35        55
         115       0.48      0.46      0.47        59
         116       0.74      0.82      0.78        55
         117       0.54      0.66      0.60        56
         118       0.72      0.84      0.78        50
         119       0.84      0.86      0.85        69

    accuracy                           0.69      8580
   macro avg       0.67      0.68      0.68      8580
weighted avg       0.70      0.69      0.69      8580
