              precision    recall  f1-score   support

           0       0.92      0.92      0.92      1000
           1       0.93      0.97      0.95      1000
           2       0.87      0.88      0.87      1000
           3       0.81      0.77      0.79      1000
           4       0.90      0.90      0.90      1000
           5       0.83      0.84      0.84      1000
           6       0.93      0.94      0.94      1000
           7       0.95      0.93      0.94      1000
           8       0.95      0.95      0.95      1000
           9       0.95      0.93      0.94      1000

    accuracy                           0.90     10000
   macro avg       0.90      0.90      0.90     10000
weighted avg       0.90      0.90      0.90     10000
