              precision    recall  f1-score   support

           0       0.78      0.84      0.81      1000
           1       0.90      0.93      0.92      1000
           2       0.75      0.71      0.73      1000
           3       0.61      0.64      0.62      1000
           4       0.83      0.67      0.74      1000
           5       0.69      0.74      0.71      1000
           6       0.79      0.86      0.82      1000
           7       0.85      0.81      0.83      1000
           8       0.88      0.90      0.89      1000
           9       0.91      0.86      0.89      1000

    accuracy                           0.80     10000
   macro avg       0.80      0.80      0.80     10000
weighted avg       0.80      0.80      0.80     10000
