              precision    recall  f1-score   support

           0       0.37      0.35      0.36        52
           1       0.78      0.80      0.79        85
           2       0.81      0.55      0.65       152
           3       0.58      0.67      0.62        49
           4       0.57      0.50      0.53       114
           5       0.90      0.78      0.84        88
           6       0.76      0.72      0.74        96
           7       0.58      0.64      0.61        72
           8       0.31      0.28      0.29        72
           9       0.87      0.67      0.76       139
          10       0.54      0.59      0.56        75
          11       0.57      0.48      0.52        95
          12       0.67      0.56      0.61        87
          13       0.65      0.63      0.64        71
          14       0.54      0.53      0.53        59
          15       0.47      0.43      0.45        53
          16       0.53      0.67      0.59        57
          17       0.39      0.54      0.45        48
          18       0.37      0.49      0.42        51
          19       0.59      0.39      0.47       118
          20       0.43      0.30      0.36        82
          21       0.42      0.40      0.41        87
          22       0.71      0.73      0.72        88
          23       0.72      0.79      0.76        96
          24       0.50      0.78      0.61        51
          25       0.52      0.47      0.49       100
          26       0.62      0.57      0.59       132
          27       0.61      0.68      0.65        60
          28       0.30      0.31      0.31        55
          29       0.45      0.28      0.35        64
          30       0.69      0.74      0.71        82
          31       0.66      0.69      0.68        72
          32       0.64      0.54      0.59        79
          33       0.58      0.48      0.52        69
          34       0.55      0.47      0.51        72
          35       0.52      0.58      0.55        85
          36       0.33      0.39      0.36        64
          37       0.69      0.67      0.68        57
          38       0.65      0.49      0.56        97
          39       0.67      0.62      0.64       102
          40       0.63      0.62      0.62       102
          41       0.62      0.52      0.56        97
          42       0.60      0.52      0.56        96
          43       0.59      0.65      0.62        80
          44       0.69      0.71      0.70        82
          45       0.38      0.41      0.39        54
          46       0.34      0.47      0.40        57
          47       0.49      0.53      0.51        55
          48       0.55      0.71      0.62        58
          49       0.63      0.51      0.56       106
          50       0.55      0.61      0.58        83
          51       0.44      0.45      0.44        56
          52       0.59      0.74      0.66        69
          53       0.44      0.44      0.44        86
          54       0.51      0.52      0.51        52
          55       0.49      0.67      0.57        51
          56       0.62      0.82      0.71        50
          57       0.66      0.49      0.56        71
          58       0.65      0.69      0.67        67
          59       0.62      0.62      0.62        52
          60       0.57      0.72      0.63        54
          61       0.57      0.57      0.57        61
          62       0.73      0.78      0.75        55
          63       0.60      0.68      0.64        53
          64       0.62      0.60      0.61        52
          65       0.71      0.78      0.74        50
          66       0.64      0.75      0.69        59
          67       0.51      0.58      0.54        50
          68       0.55      0.37      0.44        59
          69       0.71      0.82      0.76        51
          70       0.54      0.56      0.55        50
          71       0.45      0.62      0.52        50
          72       0.62      0.72      0.67        54
          73       0.53      0.60      0.56        50
          74       0.49      0.68      0.57        50
          75       0.50      0.58      0.54        52
          76       0.34      0.38      0.36        53
          77       0.73      0.74      0.73        54
          78       0.75      0.78      0.77        69
          79       0.78      0.63      0.70        57
          80       0.49      0.53      0.51        53
          81       0.40      0.50      0.44        50
          82       0.36      0.54      0.44        50
          83       0.51      0.83      0.63        52
          84       0.40      0.60      0.48        52
          85       0.36      0.36      0.36        50
          86       0.61      0.63      0.62        84
          87       0.54      0.66      0.60        68
          88       0.86      0.71      0.78       118
          89       0.35      0.51      0.42        51
          90       0.66      0.64      0.65       102
          91       0.45      0.55      0.50        51
          92       0.61      0.68      0.64        56
          93       0.46      0.62      0.52        52
          94       0.53      0.58      0.55        59
          95       0.49      0.36      0.41        56
          96       0.82      0.94      0.88        70
          97       0.18      0.26      0.21        50
          98       0.54      0.56      0.55        78
          99       0.45      0.39      0.42        92
         100       0.58      0.52      0.55        50
         101       0.73      0.52      0.61       109
         102       0.72      0.71      0.71       100
         103       0.79      0.74      0.76       110
         104       0.61      0.40      0.48        95
         105       0.67      0.60      0.63       113
         106       0.74      0.81      0.77       118
         107       0.85      0.71      0.77       119
         108       0.84      0.74      0.78        96
         109       0.84      0.84      0.84        58
         110       0.71      0.79      0.75        53
         111       0.68      0.59      0.63        81
         112       0.39      0.42      0.40        55
         113       0.30      0.33      0.31        51
         114       0.24      0.16      0.19        55
         115       0.38      0.27      0.32        59
         116       0.73      0.65      0.69        55
         117       0.59      0.68      0.63        56
         118       0.74      0.74      0.74        50
         119       0.74      0.80      0.77        69

    accuracy                           0.59      8580
   macro avg       0.58      0.59      0.58      8580
weighted avg       0.60      0.59      0.59      8580
