              precision    recall  f1-score   support

           0       0.08      0.31      0.13      1000
           1       0.33      0.04      0.07      1000
           2       0.09      0.10      0.10      1000
           3       0.03      0.01      0.01      1000
           4       0.09      0.06      0.07      1000
           5       0.02      0.01      0.01      1000
           6       0.08      0.10      0.09      1000
           7       0.18      0.01      0.03      1000
           8       0.12      0.27      0.17      1000
           9       0.18      0.02      0.03      1000

    accuracy                           0.09     10000
   macro avg       0.12      0.09      0.07     10000
weighted avg       0.12      0.09      0.07     10000
