              precision    recall  f1-score   support

           0       0.82      0.79      0.80      1000
           1       0.89      0.88      0.89      1000
           2       0.85      0.67      0.75      1000
           3       0.65      0.69      0.67      1000
           4       0.81      0.80      0.81      1000
           5       0.75      0.72      0.73      1000
           6       0.86      0.86      0.86      1000
           7       0.86      0.83      0.85      1000
           8       0.82      0.90      0.86      1000
           9       0.78      0.90      0.83      1000

    accuracy                           0.81     10000
   macro avg       0.81      0.81      0.81     10000
weighted avg       0.81      0.81      0.81     10000
