              precision    recall  f1-score   support

           0       0.45      0.27      0.34        52
           1       0.61      0.80      0.69        85
           2       0.61      0.41      0.49       152
           3       0.43      0.37      0.40        49
           4       0.45      0.33      0.38       114
           5       0.61      0.50      0.55        88
           6       0.68      0.78      0.72        96
           7       0.27      0.26      0.27        72
           8       0.34      0.26      0.30        72
           9       0.90      0.68      0.78       139
          10       0.15      0.07      0.09        75
          11       0.42      0.26      0.32        95
          12       0.66      0.46      0.54        87
          13       0.39      0.34      0.36        71
          14       0.40      0.58      0.48        59
          15       0.27      0.42      0.33        53
          16       0.44      0.56      0.49        57
          17       0.32      0.38      0.34        48
          18       0.38      0.43      0.40        51
          19       0.49      0.27      0.35       118
          20       0.41      0.29      0.34        82
          21       0.30      0.20      0.24        87
          22       0.64      0.60      0.62        88
          23       0.73      0.67      0.70        96
          24       0.22      0.49      0.31        51
          25       0.68      0.41      0.51       100
          26       0.59      0.58      0.59       132
          27       0.36      0.58      0.44        60
          28       0.25      0.36      0.29        55
          29       0.20      0.16      0.18        64
          30       0.58      0.65      0.61        82
          31       0.66      0.54      0.60        72
          32       0.54      0.59      0.57        79
          33       0.34      0.39      0.36        69
          34       0.39      0.42      0.40        72
          35       0.28      0.32      0.30        85
          36       0.34      0.34      0.34        64
          37       0.55      0.47      0.51        57
          38       0.52      0.25      0.34        97
          39       0.81      0.67      0.73       102
          40       0.56      0.42      0.48       102
          41       0.38      0.33      0.35        97
          42       0.47      0.51      0.49        96
          43       0.45      0.61      0.52        80
          44       0.64      0.39      0.48        82
          45       0.26      0.19      0.22        54
          46       0.34      0.33      0.34        57
          47       0.21      0.36      0.27        55
          48       0.56      0.64      0.60        58
          49       0.45      0.34      0.39       106
          50       0.43      0.57      0.49        83
          51       0.28      0.25      0.26        56
          52       0.47      0.62      0.53        69
          53       0.27      0.49      0.35        86
          54       0.36      0.52      0.43        52
          55       0.51      0.63      0.56        51
          56       0.40      0.46      0.43        50
          57       0.29      0.25      0.27        71
          58       0.41      0.27      0.32        67
          59       0.46      0.31      0.37        52
          60       0.40      0.54      0.46        54
          61       0.28      0.20      0.23        61
          62       0.51      0.65      0.57        55
          63       0.46      0.68      0.55        53
          64       0.36      0.42      0.39        52
          65       0.58      0.72      0.64        50
          66       0.69      0.58      0.63        59
          67       0.24      0.36      0.29        50
          68       0.32      0.14      0.19        59
          69       0.79      0.82      0.81        51
          70       0.40      0.62      0.49        50
          71       0.30      0.38      0.34        50
          72       0.52      0.50      0.51        54
          73       0.48      0.62      0.54        50
          74       0.40      0.52      0.45        50
          75       0.65      0.42      0.51        52
          76       0.32      0.30      0.31        53
          77       0.61      0.67      0.64        54
          78       0.57      0.62      0.60        69
          79       0.52      0.60      0.56        57
          80       0.29      0.17      0.21        53
          81       0.45      0.48      0.47        50
          82       0.27      0.38      0.31        50
          83       0.39      0.54      0.46        52
          84       0.41      0.44      0.43        52
          85       0.27      0.24      0.26        50
          86       0.49      0.64      0.55        84
          87       0.44      0.41      0.43        68
          88       0.76      0.55      0.64       118
          89       0.35      0.37      0.36        51
          90       0.55      0.60      0.58       102
          91       0.28      0.18      0.22        51
          92       0.38      0.52      0.44        56
          93       0.41      0.38      0.40        52
          94       0.47      0.46      0.46        59
          95       0.28      0.20      0.23        56
          96       0.78      0.76      0.77        70
          97       0.19      0.24      0.21        50
          98       0.36      0.36      0.36        78
          99       0.50      0.30      0.38        92
         100       0.45      0.56      0.50        50
         101       0.49      0.36      0.41       109
         102       0.48      0.38      0.42       100
         103       0.71      0.67      0.69       110
         104       0.37      0.28      0.32        95
         105       0.46      0.21      0.29       113
         106       0.65      0.68      0.66       118
         107       0.69      0.78      0.74       119
         108       0.68      0.81      0.74        96
         109       0.48      0.86      0.61        58
         110       0.44      0.72      0.55        53
         111       0.51      0.70      0.59        81
         112       0.21      0.27      0.24        55
         113       0.23      0.41      0.30        51
         114       0.14      0.09      0.11        55
         115       0.23      0.10      0.14        59
         116       0.45      0.55      0.49        55
         117       0.43      0.59      0.50        56
         118       0.39      0.50      0.44        50
         119       0.58      0.77      0.66        69

    accuracy                           0.46      8580
   macro avg       0.45      0.46      0.44      8580
weighted avg       0.47      0.46      0.46      8580
