brightness: [93.95, 93.65, 93.32, 92.65, 91.27]
contrast: [94.06, 92.12, 89.84, 83.39, 42.8]
defocus_blur: [93.92, 92.06, 85.23, 71.92, 44.75]
elastic_transform: [88.63, 88.24, 83.17, 77.33, 75.48]
fog: [94.1, 93.54, 92.33, 89.55, 76.45]
frost: [89.58, 85.06, 77.82, 75.46, 66.07]
gaussian_blur: [93.95, 84.94, 69.62, 51.47, 28.29]
gaussian_noise: [73.83, 51.93, 35.06, 29.41, 25.71]
glass_blur: [57.23, 59.76, 63.85, 48.5, 51.34]
impulse_noise: [85.41, 75.67, 66.91, 46.01, 27.92]
jpeg_compression: [86.8, 82.66, 80.33, 78.38, 74.68]
motion_blur: [88.17, 79.21, 70.14, 70.11, 61.47]
pixelate: [92.44, 88.58, 84.21, 68.69, 45.04]
saturate: [91.63, 87.79, 93.8, 91.98, 89.25]
shot_noise: [82.62, 71.29, 47.69, 40.57, 30.84]
snow: [90.72, 81.1, 84.0, 81.61, 76.42]
spatter: [92.31, 88.68, 85.39, 88.48, 82.05]
speckle_noise: [83.01, 67.14, 59.38, 46.2, 36.58]
zoom_blur: [85.1, 79.87, 71.63, 62.89, 50.07]
