              precision    recall  f1-score   support

           0       0.85      0.93      0.88      1000
           1       0.95      0.96      0.95      1000
           2       0.91      0.82      0.86      1000
           3       0.92      0.67      0.78      1000
           4       0.88      0.92      0.90      1000
           5       0.85      0.86      0.85      1000
           6       0.88      0.96      0.92      1000
           7       0.85      0.94      0.89      1000
           8       0.93      0.93      0.93      1000
           9       0.93      0.94      0.94      1000

    accuracy                           0.89     10000
   macro avg       0.89      0.89      0.89     10000
weighted avg       0.89      0.89      0.89     10000
