              precision    recall  f1-score   support

           0       0.69      0.69      0.69      1000
           1       0.83      0.82      0.83      1000
           2       0.60      0.55      0.57      1000
           3       0.49      0.48      0.49      1000
           4       0.57      0.62      0.59      1000
           5       0.61      0.56      0.58      1000
           6       0.71      0.76      0.73      1000
           7       0.69      0.74      0.72      1000
           8       0.79      0.80      0.79      1000
           9       0.81      0.78      0.79      1000

    accuracy                           0.68     10000
   macro avg       0.68      0.68      0.68     10000
weighted avg       0.68      0.68      0.68     10000
