              precision    recall  f1-score   support

           0       0.28      0.25      0.27        52
           1       0.66      0.64      0.65        85
           2       0.63      0.53      0.58       152
           3       0.33      0.45      0.38        49
           4       0.31      0.32      0.31       114
           5       0.63      0.68      0.66        88
           6       0.65      0.69      0.67        96
           7       0.44      0.46      0.45        72
           8       0.27      0.24      0.25        72
           9       0.77      0.54      0.63       139
          10       0.37      0.32      0.34        75
          11       0.39      0.33      0.35        95
          12       0.64      0.48      0.55        87
          13       0.54      0.44      0.48        71
          14       0.43      0.58      0.49        59
          15       0.25      0.34      0.29        53
          16       0.37      0.58      0.45        57
          17       0.27      0.46      0.34        48
          18       0.31      0.29      0.30        51
          19       0.45      0.22      0.30       118
          20       0.28      0.16      0.20        82
          21       0.33      0.26      0.29        87
          22       0.62      0.64      0.63        88
          23       0.68      0.69      0.68        96
          24       0.36      0.61      0.45        51
          25       0.53      0.33      0.41       100
          26       0.38      0.42      0.40       132
          27       0.51      0.65      0.57        60
          28       0.28      0.35      0.31        55
          29       0.13      0.12      0.13        64
          30       0.58      0.59      0.58        82
          31       0.43      0.58      0.49        72
          32       0.38      0.42      0.40        79
          33       0.33      0.35      0.34        69
          34       0.23      0.22      0.23        72
          35       0.40      0.40      0.40        85
          36       0.29      0.42      0.35        64
          37       0.32      0.51      0.39        57
          38       0.37      0.27      0.31        97
          39       0.52      0.44      0.48       102
          40       0.58      0.50      0.54       102
          41       0.42      0.31      0.36        97
          42       0.32      0.27      0.29        96
          43       0.41      0.45      0.43        80
          44       0.63      0.70      0.66        82
          45       0.35      0.24      0.29        54
          46       0.36      0.26      0.30        57
          47       0.23      0.27      0.25        55
          48       0.43      0.38      0.40        58
          49       0.50      0.32      0.39       106
          50       0.49      0.48      0.49        83
          51       0.23      0.30      0.26        56
          52       0.40      0.49      0.44        69
          53       0.39      0.34      0.36        86
          54       0.28      0.35      0.31        52
          55       0.36      0.41      0.38        51
          56       0.39      0.54      0.45        50
          57       0.34      0.30      0.32        71
          58       0.57      0.55      0.56        67
          59       0.49      0.44      0.46        52
          60       0.60      0.50      0.55        54
          61       0.36      0.31      0.33        61
          62       0.64      0.49      0.56        55
          63       0.45      0.68      0.54        53
          64       0.42      0.48      0.45        52
          65       0.50      0.52      0.51        50
          66       0.75      0.68      0.71        59
          67       0.40      0.40      0.40        50
          68       0.29      0.29      0.29        59
          69       0.63      0.75      0.68        51
          70       0.38      0.48      0.42        50
          71       0.29      0.38      0.33        50
          72       0.48      0.56      0.52        54
          73       0.38      0.42      0.40        50
          74       0.41      0.42      0.42        50
          75       0.30      0.37      0.33        52
          76       0.23      0.21      0.22        53
          77       0.54      0.63      0.58        54
          78       0.42      0.55      0.48        69
          79       0.60      0.53      0.56        57
          80       0.30      0.23      0.26        53
          81       0.41      0.50      0.45        50
          82       0.23      0.48      0.31        50
          83       0.47      0.60      0.53        52
          84       0.41      0.37      0.39        52
          85       0.25      0.28      0.27        50
          86       0.58      0.58      0.58        84
          87       0.45      0.41      0.43        68
          88       0.82      0.58      0.68       118
          89       0.24      0.53      0.33        51
          90       0.56      0.68      0.61       102
          91       0.27      0.24      0.25        51
          92       0.50      0.59      0.54        56
          93       0.30      0.37      0.33        52
          94       0.34      0.37      0.35        59
          95       0.23      0.21      0.22        56
          96       0.84      0.81      0.83        70
          97       0.18      0.20      0.19        50
          98       0.48      0.41      0.44        78
          99       0.34      0.35      0.34        92
         100       0.20      0.22      0.21        50
         101       0.63      0.45      0.52       109
         102       0.70      0.42      0.53       100
         103       0.71      0.61      0.66       110
         104       0.38      0.22      0.28        95
         105       0.41      0.42      0.41       113
         106       0.61      0.64      0.63       118
         107       0.85      0.55      0.67       119
         108       0.45      0.57      0.50        96
         109       0.58      0.71      0.64        58
         110       0.38      0.53      0.44        53
         111       0.62      0.56      0.59        81
         112       0.45      0.40      0.42        55
         113       0.23      0.31      0.26        51
         114       0.24      0.16      0.19        55
         115       0.16      0.12      0.14        59
         116       0.47      0.38      0.42        55
         117       0.47      0.50      0.48        56
         118       0.51      0.52      0.51        50
         119       0.72      0.68      0.70        69

    accuracy                           0.44      8580
   macro avg       0.43      0.44      0.43      8580
weighted avg       0.46      0.44      0.44      8580
