              precision    recall  f1-score   support

           0       0.08      0.04      0.05        52
           1       0.22      0.22      0.22        85
           2       0.20      0.22      0.21       152
           3       0.06      0.12      0.08        49
           4       0.14      0.13      0.14       114
           5       0.43      0.40      0.41        88
           6       0.37      0.25      0.30        96
           7       0.26      0.35      0.29        72
           8       0.11      0.10      0.10        72
           9       0.26      0.09      0.13       139
          10       0.15      0.09      0.12        75
          11       0.16      0.08      0.11        95
          12       0.24      0.22      0.23        87
          13       0.00      0.00      0.00        71
          14       0.12      0.08      0.10        59
          15       0.16      0.15      0.15        53
          16       0.13      0.09      0.11        57
          17       0.12      0.19      0.15        48
          18       0.08      0.04      0.05        51
          19       0.20      0.05      0.08       118
          20       0.15      0.05      0.07        82
          21       0.07      0.02      0.03        87
          22       0.23      0.26      0.24        88
          23       0.15      0.18      0.17        96
          24       0.09      0.12      0.10        51
          25       0.06      0.01      0.02       100
          26       0.21      0.11      0.15       132
          27       0.23      0.33      0.27        60
          28       0.06      0.11      0.08        55
          29       0.13      0.03      0.05        64
          30       0.19      0.29      0.23        82
          31       0.12      0.10      0.11        72
          32       0.09      0.09      0.09        79
          33       0.16      0.23      0.19        69
          34       0.21      0.18      0.20        72
          35       0.18      0.21      0.19        85
          36       0.11      0.14      0.13        64
          37       0.06      0.11      0.08        57
          38       0.24      0.04      0.07        97
          39       0.20      0.10      0.13       102
          40       0.21      0.18      0.19       102
          41       0.17      0.25      0.20        97
          42       0.10      0.08      0.09        96
          43       0.27      0.12      0.17        80
          44       0.28      0.26      0.27        82
          45       0.04      0.07      0.06        54
          46       0.07      0.14      0.09        57
          47       0.02      0.02      0.02        55
          48       0.08      0.17      0.11        58
          49       0.14      0.06      0.08       106
          50       0.28      0.31      0.29        83
          51       0.09      0.21      0.12        56
          52       0.11      0.25      0.16        69
          53       0.12      0.13      0.13        86
          54       0.00      0.00      0.00        52
          55       0.07      0.08      0.07        51
          56       0.09      0.10      0.09        50
          57       0.14      0.14      0.14        71
          58       0.20      0.18      0.19        67
          59       0.10      0.10      0.10        52
          60       0.16      0.28      0.21        54
          61       0.04      0.02      0.02        61
          62       0.13      0.16      0.14        55
          63       0.15      0.28      0.19        53
          64       0.18      0.27      0.22        52
          65       0.20      0.36      0.26        50
          66       0.36      0.37      0.37        59
          67       0.20      0.20      0.20        50
          68       0.06      0.02      0.03        59
          69       0.24      0.33      0.28        51
          70       0.09      0.12      0.10        50
          71       0.10      0.12      0.11        50
          72       0.17      0.24      0.20        54
          73       0.12      0.22      0.15        50
          74       0.05      0.08      0.06        50
          75       0.10      0.21      0.14        52
          76       0.00      0.00      0.00        53
          77       0.24      0.46      0.32        54
          78       0.21      0.09      0.12        69
          79       0.23      0.33      0.27        57
          80       0.11      0.02      0.03        53
          81       0.08      0.16      0.11        50
          82       0.07      0.14      0.09        50
          83       0.19      0.29      0.23        52
          84       0.05      0.04      0.04        52
          85       0.09      0.16      0.12        50
          86       0.15      0.14      0.15        84
          87       0.26      0.32      0.29        68
          88       0.37      0.25      0.30       118
          89       0.12      0.18      0.14        51
          90       0.40      0.43      0.42       102
          91       0.11      0.06      0.08        51
          92       0.26      0.45      0.32        56
          93       0.12      0.15      0.14        52
          94       0.09      0.07      0.08        59
          95       0.00      0.00      0.00        56
          96       0.33      0.46      0.39        70
          97       0.02      0.04      0.03        50
          98       0.23      0.23      0.23        78
          99       0.26      0.21      0.23        92
         100       0.08      0.16      0.11        50
         101       0.26      0.22      0.24       109
         102       0.20      0.19      0.19       100
         103       0.25      0.18      0.21       110
         104       0.17      0.01      0.02        95
         105       0.14      0.05      0.08       113
         106       0.24      0.24      0.24       118
         107       0.41      0.51      0.46       119
         108       0.33      0.05      0.09        96
         109       0.19      0.52      0.28        58
         110       0.11      0.21      0.15        53
         111       0.27      0.28      0.28        81
         112       0.00      0.00      0.00        55
         113       0.00      0.00      0.00        51
         114       0.08      0.04      0.05        55
         115       0.00      0.00      0.00        59
         116       0.09      0.22      0.13        55
         117       0.14      0.05      0.08        56
         118       0.12      0.24      0.16        50
         119       0.23      0.35      0.28        69

    accuracy                           0.17      8580
   macro avg       0.16      0.17      0.15      8580
weighted avg       0.17      0.17      0.16      8580
