              precision    recall  f1-score   support

           0       0.77      0.81      0.79      1000
           1       0.89      0.93      0.91      1000
           2       0.73      0.71      0.72      1000
           3       0.61      0.64      0.62      1000
           4       0.82      0.69      0.75      1000
           5       0.69      0.73      0.71      1000
           6       0.79      0.87      0.83      1000
           7       0.85      0.79      0.82      1000
           8       0.87      0.89      0.88      1000
           9       0.90      0.87      0.88      1000

    accuracy                           0.79     10000
   macro avg       0.79      0.79      0.79     10000
weighted avg       0.79      0.79      0.79     10000
