              precision    recall  f1-score   support

           0       0.23      0.71      0.35      1000
           1       0.87      0.27      0.41      1000
           2       0.39      0.43      0.41      1000
           3       0.37      0.19      0.25      1000
           4       0.50      0.39      0.44      1000
           5       0.39      0.23      0.29      1000
           6       0.47      0.51      0.49      1000
           7       0.78      0.23      0.35      1000
           8       0.39      0.76      0.51      1000
           9       0.82      0.23      0.37      1000

    accuracy                           0.40     10000
   macro avg       0.52      0.40      0.39     10000
weighted avg       0.52      0.40      0.39     10000
