              precision    recall  f1-score   support

           0       0.10      0.39      0.16      1000
           1       0.40      0.05      0.09      1000
           2       0.12      0.14      0.13      1000
           3       0.03      0.02      0.02      1000
           4       0.12      0.06      0.08      1000
           5       0.03      0.01      0.02      1000
           6       0.10      0.10      0.10      1000
           7       0.19      0.02      0.03      1000
           8       0.14      0.30      0.19      1000
           9       0.20      0.02      0.04      1000

    accuracy                           0.11     10000
   macro avg       0.14      0.11      0.09     10000
weighted avg       0.14      0.11      0.09     10000
