              precision    recall  f1-score   support

           0       0.61      0.54      0.57        52
           1       0.76      0.80      0.78        85
           2       0.84      0.64      0.73       152
           3       0.60      0.71      0.65        49
           4       0.64      0.54      0.59       114
           5       0.84      0.82      0.83        88
           6       0.86      0.90      0.88        96
           7       0.64      0.64      0.64        72
           8       0.56      0.50      0.53        72
           9       0.89      0.89      0.89       139
          10       0.64      0.56      0.60        75
          11       0.66      0.52      0.58        95
          12       0.82      0.64      0.72        87
          13       0.70      0.62      0.66        71
          14       0.57      0.64      0.60        59
          15       0.34      0.45      0.39        53
          16       0.57      0.68      0.62        57
          17       0.42      0.56      0.48        48
          18       0.64      0.59      0.61        51
          19       0.73      0.58      0.65       118
          20       0.59      0.50      0.54        82
          21       0.60      0.49      0.54        87
          22       0.79      0.81      0.80        88
          23       0.85      0.89      0.87        96
          24       0.46      0.78      0.58        51
          25       0.79      0.61      0.69       100
          26       0.77      0.65      0.70       132
          27       0.70      0.80      0.74        60
          28       0.44      0.49      0.47        55
          29       0.50      0.36      0.42        64
          30       0.82      0.79      0.81        82
          31       0.77      0.79      0.78        72
          32       0.68      0.63      0.66        79
          33       0.50      0.64      0.56        69
          34       0.45      0.62      0.53        72
          35       0.73      0.56      0.64        85
          36       0.52      0.61      0.56        64
          37       0.72      0.68      0.70        57
          38       0.59      0.47      0.53        97
          39       0.81      0.78      0.80       102
          40       0.73      0.73      0.73       102
          41       0.70      0.65      0.67        97
          42       0.66      0.61      0.63        96
          43       0.76      0.74      0.75        80
          44       0.86      0.72      0.78        82
          45       0.62      0.54      0.57        54
          46       0.48      0.51      0.50        57
          47       0.46      0.64      0.53        55
          48       0.64      0.62      0.63        58
          49       0.70      0.57      0.62       106
          50       0.67      0.60      0.63        83
          51       0.57      0.62      0.60        56
          52       0.71      0.72      0.72        69
          53       0.48      0.55      0.51        86
          54       0.54      0.71      0.62        52
          55       0.60      0.76      0.67        51
          56       0.56      0.72      0.63        50
          57       0.62      0.56      0.59        71
          58       0.72      0.76      0.74        67
          59       0.72      0.75      0.74        52
          60       0.75      0.78      0.76        54
          61       0.64      0.59      0.62        61
          62       0.69      0.80      0.74        55
          63       0.62      0.77      0.69        53
          64       0.66      0.83      0.74        52
          65       0.69      0.76      0.72        50
          66       0.78      0.80      0.79        59
          67       0.85      0.70      0.77        50
          68       0.53      0.51      0.52        59
          69       0.86      0.84      0.85        51
          70       0.70      0.62      0.66        50
          71       0.52      0.64      0.57        50
          72       0.78      0.80      0.79        54
          73       0.74      0.84      0.79        50
          74       0.71      0.74      0.73        50
          75       0.51      0.63      0.56        52
          76       0.70      0.53      0.60        53
          77       0.72      0.85      0.78        54
          78       0.70      0.83      0.76        69
          79       0.69      0.60      0.64        57
          80       0.52      0.42      0.46        53
          81       0.58      0.70      0.64        50
          82       0.37      0.52      0.43        50
          83       0.61      0.71      0.65        52
          84       0.64      0.69      0.67        52
          85       0.52      0.48      0.50        50
          86       0.69      0.76      0.72        84
          87       0.66      0.65      0.65        68
          88       0.88      0.77      0.82       118
          89       0.49      0.63      0.55        51
          90       0.70      0.70      0.70       102
          91       0.71      0.67      0.69        51
          92       0.75      0.77      0.76        56
          93       0.51      0.69      0.59        52
          94       0.68      0.73      0.70        59
          95       0.63      0.52      0.57        56
          96       0.90      0.93      0.92        70
          97       0.28      0.42      0.34        50
          98       0.55      0.62      0.58        78
          99       0.56      0.39      0.46        92
         100       0.69      0.70      0.69        50
         101       0.78      0.60      0.68       109
         102       0.87      0.74      0.80       100
         103       0.86      0.84      0.85       110
         104       0.68      0.59      0.63        95
         105       0.66      0.65      0.65       113
         106       0.85      0.75      0.79       118
         107       0.87      0.79      0.83       119
         108       0.75      0.83      0.79        96
         109       0.81      0.97      0.88        58
         110       0.63      0.85      0.73        53
         111       0.84      0.67      0.74        81
         112       0.49      0.56      0.53        55
         113       0.43      0.45      0.44        51
         114       0.24      0.27      0.25        55
         115       0.50      0.44      0.47        59
         116       0.69      0.73      0.71        55
         117       0.63      0.70      0.66        56
         118       0.68      0.84      0.75        50
         119       0.75      0.84      0.79        69

    accuracy                           0.67      8580
   macro avg       0.66      0.67      0.66      8580
weighted avg       0.68      0.67      0.67      8580
