              precision    recall  f1-score   support

           0       0.52      0.50      0.51        52
           1       0.76      0.80      0.78        85
           2       0.89      0.66      0.76       152
           3       0.64      0.71      0.67        49
           4       0.66      0.58      0.62       114
           5       0.85      0.85      0.85        88
           6       0.87      0.85      0.86        96
           7       0.66      0.62      0.64        72
           8       0.53      0.40      0.46        72
           9       0.94      0.86      0.90       139
          10       0.81      0.64      0.72        75
          11       0.65      0.58      0.61        95
          12       0.81      0.68      0.74        87
          13       0.68      0.63      0.66        71
          14       0.67      0.66      0.67        59
          15       0.40      0.49      0.44        53
          16       0.55      0.74      0.63        57
          17       0.47      0.62      0.54        48
          18       0.77      0.73      0.75        51
          19       0.73      0.59      0.65       118
          20       0.61      0.50      0.55        82
          21       0.55      0.57      0.56        87
          22       0.83      0.76      0.79        88
          23       0.90      0.92      0.91        96
          24       0.48      0.78      0.59        51
          25       0.83      0.65      0.73       100
          26       0.76      0.69      0.72       132
          27       0.72      0.77      0.74        60
          28       0.41      0.51      0.46        55
          29       0.56      0.38      0.45        64
          30       0.80      0.80      0.80        82
          31       0.83      0.82      0.83        72
          32       0.69      0.63      0.66        79
          33       0.64      0.65      0.65        69
          34       0.48      0.60      0.53        72
          35       0.75      0.67      0.71        85
          36       0.49      0.61      0.55        64
          37       0.70      0.70      0.70        57
          38       0.65      0.54      0.59        97
          39       0.82      0.75      0.79       102
          40       0.71      0.74      0.72       102
          41       0.75      0.65      0.70        97
          42       0.67      0.62      0.65        96
          43       0.67      0.65      0.66        80
          44       0.78      0.72      0.75        82
          45       0.57      0.52      0.54        54
          46       0.44      0.53      0.48        57
          47       0.51      0.67      0.58        55
          48       0.66      0.66      0.66        58
          49       0.66      0.54      0.59       106
          50       0.66      0.59      0.62        83
          51       0.49      0.61      0.54        56
          52       0.72      0.78      0.75        69
          53       0.50      0.50      0.50        86
          54       0.55      0.69      0.61        52
          55       0.61      0.78      0.68        51
          56       0.60      0.84      0.70        50
          57       0.63      0.45      0.52        71
          58       0.69      0.66      0.67        67
          59       0.72      0.73      0.72        52
          60       0.68      0.76      0.72        54
          61       0.74      0.75      0.75        61
          62       0.76      0.85      0.80        55
          63       0.68      0.85      0.76        53
          64       0.63      0.77      0.70        52
          65       0.76      0.84      0.80        50
          66       0.81      0.73      0.77        59
          67       0.71      0.78      0.74        50
          68       0.60      0.56      0.58        59
          69       0.86      0.86      0.86        51
          70       0.61      0.70      0.65        50
          71       0.46      0.70      0.56        50
          72       0.67      0.76      0.71        54
          73       0.73      0.80      0.76        50
          74       0.64      0.78      0.70        50
          75       0.59      0.67      0.63        52
          76       0.62      0.47      0.54        53
          77       0.78      0.85      0.81        54
          78       0.64      0.86      0.73        69
          79       0.74      0.56      0.64        57
          80       0.67      0.53      0.59        53
          81       0.57      0.76      0.65        50
          82       0.45      0.58      0.51        50
          83       0.64      0.83      0.72        52
          84       0.52      0.54      0.53        52
          85       0.60      0.58      0.59        50
          86       0.72      0.73      0.72        84
          87       0.60      0.66      0.63        68
          88       0.85      0.77      0.81       118
          89       0.53      0.67      0.59        51
          90       0.78      0.73      0.75       102
          91       0.56      0.57      0.56        51
          92       0.81      0.79      0.80        56
          93       0.55      0.63      0.59        52
          94       0.62      0.68      0.65        59
          95       0.56      0.52      0.54        56
          96       0.86      0.93      0.89        70
          97       0.24      0.40      0.30        50
          98       0.61      0.59      0.60        78
          99       0.55      0.37      0.44        92
         100       0.67      0.76      0.71        50
         101       0.80      0.68      0.73       109
         102       0.89      0.67      0.77       100
         103       0.88      0.89      0.89       110
         104       0.69      0.63      0.66        95
         105       0.71      0.65      0.68       113
         106       0.83      0.77      0.80       118
         107       0.90      0.78      0.84       119
         108       0.79      0.88      0.83        96
         109       0.90      0.91      0.91        58
         110       0.72      0.81      0.76        53
         111       0.80      0.69      0.74        81
         112       0.49      0.60      0.54        55
         113       0.42      0.39      0.40        51
         114       0.40      0.40      0.40        55
         115       0.48      0.46      0.47        59
         116       0.59      0.67      0.63        55
         117       0.65      0.70      0.67        56
         118       0.75      0.82      0.78        50
         119       0.83      0.86      0.84        69

    accuracy                           0.68      8580
   macro avg       0.67      0.68      0.67      8580
weighted avg       0.69      0.68      0.68      8580
