              precision    recall  f1-score   support

           0       0.12      0.17      0.14        52
           1       0.52      0.53      0.53        85
           2       0.54      0.40      0.46       152
           3       0.32      0.47      0.38        49
           4       0.33      0.25      0.29       114
           5       0.62      0.65      0.63        88
           6       0.46      0.47      0.46        96
           7       0.39      0.44      0.41        72
           8       0.21      0.22      0.22        72
           9       0.60      0.47      0.52       139
          10       0.24      0.32      0.28        75
          11       0.33      0.26      0.29        95
          12       0.41      0.31      0.35        87
          13       0.47      0.45      0.46        71
          14       0.30      0.39      0.34        59
          15       0.31      0.34      0.32        53
          16       0.37      0.54      0.44        57
          17       0.28      0.40      0.33        48
          18       0.23      0.24      0.23        51
          19       0.37      0.19      0.25       118
          20       0.25      0.20      0.22        82
          21       0.19      0.15      0.17        87
          22       0.49      0.52      0.51        88
          23       0.60      0.57      0.59        96
          24       0.38      0.35      0.36        51
          25       0.22      0.20      0.21       100
          26       0.57      0.41      0.48       132
          27       0.42      0.47      0.44        60
          28       0.25      0.18      0.21        55
          29       0.15      0.11      0.13        64
          30       0.62      0.40      0.49        82
          31       0.49      0.51      0.50        72
          32       0.55      0.46      0.50        79
          33       0.33      0.36      0.34        69
          34       0.22      0.29      0.25        72
          35       0.34      0.35      0.35        85
          36       0.20      0.28      0.23        64
          37       0.45      0.35      0.40        57
          38       0.56      0.33      0.42        97
          39       0.45      0.40      0.42       102
          40       0.55      0.35      0.43       102
          41       0.32      0.22      0.26        97
          42       0.32      0.23      0.27        96
          43       0.37      0.41      0.39        80
          44       0.42      0.45      0.44        82
          45       0.19      0.24      0.21        54
          46       0.26      0.35      0.30        57
          47       0.22      0.24      0.23        55
          48       0.31      0.38      0.34        58
          49       0.44      0.34      0.38       106
          50       0.38      0.42      0.40        83
          51       0.24      0.36      0.29        56
          52       0.34      0.48      0.40        69
          53       0.25      0.29      0.27        86
          54       0.26      0.29      0.28        52
          55       0.34      0.37      0.36        51
          56       0.35      0.46      0.40        50
          57       0.36      0.34      0.35        71
          58       0.38      0.30      0.33        67
          59       0.36      0.38      0.37        52
          60       0.35      0.41      0.38        54
          61       0.27      0.31      0.29        61
          62       0.61      0.42      0.49        55
          63       0.51      0.62      0.56        53
          64       0.48      0.42      0.45        52
          65       0.38      0.70      0.50        50
          66       0.57      0.58      0.57        59
          67       0.47      0.62      0.53        50
          68       0.16      0.15      0.16        59
          69       0.47      0.67      0.55        51
          70       0.32      0.44      0.37        50
          71       0.26      0.34      0.30        50
          72       0.47      0.43      0.45        54
          73       0.30      0.32      0.31        50
          74       0.33      0.40      0.36        50
          75       0.23      0.35      0.27        52
          76       0.16      0.15      0.16        53
          77       0.60      0.61      0.61        54
          78       0.48      0.46      0.47        69
          79       0.37      0.40      0.38        57
          80       0.21      0.19      0.20        53
          81       0.26      0.30      0.28        50
          82       0.13      0.16      0.15        50
          83       0.28      0.48      0.36        52
          84       0.29      0.35      0.31        52
          85       0.19      0.22      0.21        50
          86       0.56      0.38      0.45        84
          87       0.45      0.59      0.51        68
          88       0.67      0.52      0.58       118
          89       0.15      0.18      0.16        51
          90       0.55      0.63      0.58       102
          91       0.30      0.35      0.32        51
          92       0.40      0.64      0.49        56
          93       0.27      0.33      0.30        52
          94       0.22      0.24      0.23        59
          95       0.13      0.16      0.14        56
          96       0.69      0.73      0.71        70
          97       0.12      0.16      0.14        50
          98       0.38      0.45      0.41        78
          99       0.30      0.24      0.27        92
         100       0.25      0.36      0.30        50
         101       0.43      0.29      0.35       109
         102       0.48      0.40      0.43       100
         103       0.69      0.60      0.64       110
         104       0.40      0.15      0.22        95
         105       0.38      0.40      0.39       113
         106       0.57      0.55      0.56       118
         107       0.62      0.57      0.60       119
         108       0.57      0.40      0.47        96
         109       0.63      0.59      0.61        58
         110       0.57      0.60      0.59        53
         111       0.48      0.49      0.49        81
         112       0.17      0.20      0.19        55
         113       0.09      0.08      0.08        51
         114       0.16      0.16      0.16        55
         115       0.15      0.10      0.12        59
         116       0.50      0.36      0.42        55
         117       0.34      0.38      0.36        56
         118       0.49      0.56      0.52        50
         119       0.54      0.62      0.58        69

    accuracy                           0.38      8580
   macro avg       0.37      0.38      0.37      8580
weighted avg       0.39      0.38      0.38      8580
