              precision    recall  f1-score   support

           0       0.00      0.00      0.00        52
           1       0.00      0.00      0.00        85
           2       0.05      0.05      0.05       152
           3       0.00      0.00      0.00        49
           4       0.00      0.00      0.00       114
           5       0.50      0.02      0.04        88
           6       1.00      0.03      0.06        96
           7       0.04      0.10      0.06        72
           8       0.00      0.00      0.00        72
           9       0.00      0.00      0.00       139
          10       0.00      0.00      0.00        75
          11       0.03      0.01      0.02        95
          12       0.00      0.00      0.00        87
          13       0.14      0.01      0.03        71
          14       0.00      0.00      0.00        59
          15       0.04      0.11      0.06        53
          16       0.08      0.02      0.03        57
          17       0.06      0.02      0.03        48
          18       0.08      0.14      0.10        51
          19       0.00      0.00      0.00       118
          20       0.03      0.05      0.04        82
          21       0.00      0.00      0.00        87
          22       0.21      0.09      0.13        88
          23       0.25      0.01      0.02        96
          24       0.00      0.00      0.00        51
          25       0.00      0.00      0.00       100
          26       0.00      0.00      0.00       132
          27       0.00      0.00      0.00        60
          28       0.00      0.00      0.00        55
          29       0.00      0.00      0.00        64
          30       0.10      0.12      0.11        82
          31       0.00      0.00      0.00        72
          32       0.00      0.00      0.00        79
          33       0.00      0.00      0.00        69
          34       0.00      0.00      0.00        72
          35       0.00      0.00      0.00        85
          36       0.00      0.00      0.00        64
          37       0.11      0.09      0.10        57
          38       0.02      0.15      0.03        97
          39       0.46      0.24      0.31       102
          40       0.00      0.00      0.00       102
          41       0.00      0.00      0.00        97
          42       0.00      0.00      0.00        96
          43       0.00      0.00      0.00        80
          44       0.00      0.00      0.00        82
          45       0.00      0.00      0.00        54
          46       0.01      0.05      0.02        57
          47       0.00      0.00      0.00        55
          48       0.08      0.10      0.09        58
          49       0.08      0.05      0.06       106
          50       0.00      0.00      0.00        83
          51       0.02      0.02      0.02        56
          52       0.12      0.09      0.10        69
          53       0.00      0.00      0.00        86
          54       0.00      0.00      0.00        52
          55       0.00      0.00      0.00        51
          56       0.00      0.00      0.00        50
          57       0.00      0.00      0.00        71
          58       0.00      0.00      0.00        67
          59       0.05      0.04      0.04        52
          60       0.00      0.00      0.00        54
          61       0.00      0.00      0.00        61
          62       0.09      0.02      0.03        55
          63       0.00      0.00      0.00        53
          64       0.03      0.02      0.02        52
          65       0.05      0.02      0.03        50
          66       0.27      0.05      0.09        59
          67       0.00      0.00      0.00        50
          68       0.03      0.05      0.03        59
          69       0.17      0.02      0.04        51
          70       0.02      0.24      0.04        50
          71       0.06      0.12      0.08        50
          72       0.19      0.07      0.11        54
          73       0.08      0.10      0.09        50
          74       0.00      0.00      0.00        50
          75       0.00      0.00      0.00        52
          76       0.22      0.04      0.06        53
          77       0.09      0.59      0.16        54
          78       0.17      0.01      0.03        69
          79       0.00      0.00      0.00        57
          80       0.00      0.00      0.00        53
          81       0.00      0.00      0.00        50
          82       0.02      0.04      0.03        50
          83       0.00      0.00      0.00        52
          84       0.00      0.00      0.00        52
          85       0.05      0.02      0.03        50
          86       0.09      0.04      0.05        84
          87       1.00      0.01      0.03        68
          88       0.20      0.03      0.05       118
          89       0.00      0.00      0.00        51
          90       0.00      0.00      0.00       102
          91       0.00      0.00      0.00        51
          92       0.00      0.00      0.00        56
          93       0.00      0.00      0.00        52
          94       0.05      0.02      0.03        59
          95       0.00      0.00      0.00        56
          96       0.00      0.00      0.00        70
          97       0.00      0.00      0.00        50
          98       0.00      0.00      0.00        78
          99       0.03      0.01      0.02        92
         100       0.02      0.02      0.02        50
         101       0.08      0.02      0.03       109
         102       0.06      0.02      0.03       100
         103       0.25      0.01      0.02       110
         104       0.02      0.54      0.03        95
         105       0.03      0.02      0.02       113
         106       0.20      0.15      0.17       118
         107       0.07      0.07      0.07       119
         108       0.14      0.05      0.08        96
         109       0.12      0.02      0.03        58
         110       0.00      0.00      0.00        53
         111       0.00      0.00      0.00        81
         112       0.00      0.00      0.00        55
         113       0.00      0.00      0.00        51
         114       0.00      0.00      0.00        55
         115       0.00      0.00      0.00        59
         116       0.06      0.04      0.04        55
         117       0.00      0.00      0.00        56
         118       0.00      0.00      0.00        50
         119       0.04      0.10      0.06        69

    accuracy                           0.04      8580
   macro avg       0.06      0.03      0.03      8580
weighted avg       0.07      0.04      0.03      8580
