              precision    recall  f1-score   support

           0       0.79      0.80      0.79      1000
           1       0.87      0.93      0.90      1000
           2       0.71      0.71      0.71      1000
           3       0.63      0.61      0.62      1000
           4       0.83      0.70      0.76      1000
           5       0.68      0.74      0.71      1000
           6       0.81      0.85      0.83      1000
           7       0.86      0.82      0.84      1000
           8       0.86      0.89      0.88      1000
           9       0.89      0.85      0.87      1000

    accuracy                           0.79     10000
   macro avg       0.79      0.79      0.79     10000
weighted avg       0.79      0.79      0.79     10000
