              precision    recall  f1-score   support

           0       0.26      0.83      0.40      1000
           1       0.91      0.29      0.44      1000
           2       0.51      0.55      0.53      1000
           3       0.51      0.27      0.35      1000
           4       0.67      0.39      0.49      1000
           5       0.48      0.33      0.39      1000
           6       0.52      0.57      0.54      1000
           7       0.88      0.30      0.45      1000
           8       0.42      0.80      0.55      1000
           9       0.91      0.26      0.41      1000

    accuracy                           0.46     10000
   macro avg       0.61      0.46      0.46     10000
weighted avg       0.61      0.46      0.46     10000
