              precision    recall  f1-score   support

           0       0.68      0.52      0.59        52
           1       0.78      0.88      0.83        85
           2       0.82      0.71      0.76       152
           3       0.76      0.76      0.76        49
           4       0.69      0.62      0.65       114
           5       0.88      0.84      0.86        88
           6       0.92      0.85      0.89        96
           7       0.62      0.69      0.66        72
           8       0.51      0.50      0.51        72
           9       0.97      0.91      0.94       139
          10       0.73      0.59      0.65        75
          11       0.73      0.69      0.71        95
          12       0.78      0.68      0.72        87
          13       0.78      0.76      0.77        71
          14       0.65      0.69      0.67        59
          15       0.46      0.53      0.49        53
          16       0.59      0.68      0.63        57
          17       0.55      0.67      0.60        48
          18       0.78      0.69      0.73        51
          19       0.77      0.64      0.70       118
          20       0.74      0.45      0.56        82
          21       0.62      0.59      0.60        87
          22       0.89      0.83      0.86        88
          23       0.91      0.93      0.92        96
          24       0.53      0.80      0.64        51
          25       0.88      0.71      0.78       100
          26       0.77      0.70      0.73       132
          27       0.78      0.78      0.78        60
          28       0.55      0.58      0.57        55
          29       0.55      0.42      0.48        64
          30       0.86      0.88      0.87        82
          31       0.72      0.88      0.79        72
          32       0.75      0.61      0.67        79
          33       0.67      0.72      0.69        69
          34       0.56      0.65      0.60        72
          35       0.84      0.55      0.67        85
          36       0.56      0.64      0.60        64
          37       0.69      0.75      0.72        57
          38       0.79      0.55      0.65        97
          39       0.83      0.81      0.82       102
          40       0.76      0.79      0.78       102
          41       0.74      0.73      0.74        97
          42       0.70      0.67      0.68        96
          43       0.66      0.74      0.69        80
          44       0.88      0.85      0.86        82
          45       0.56      0.59      0.58        54
          46       0.53      0.70      0.60        57
          47       0.56      0.60      0.58        55
          48       0.69      0.71      0.70        58
          49       0.70      0.66      0.68       106
          50       0.67      0.66      0.67        83
          51       0.62      0.61      0.61        56
          52       0.70      0.78      0.74        69
          53       0.45      0.52      0.49        86
          54       0.63      0.81      0.71        52
          55       0.62      0.78      0.69        51
          56       0.68      0.78      0.73        50
          57       0.60      0.59      0.60        71
          58       0.68      0.70      0.69        67
          59       0.77      0.77      0.77        52
          60       0.70      0.80      0.75        54
          61       0.75      0.75      0.75        61
          62       0.84      0.84      0.84        55
          63       0.80      0.75      0.78        53
          64       0.60      0.67      0.64        52
          65       0.83      0.88      0.85        50
          66       0.83      0.73      0.77        59
          67       0.71      0.84      0.77        50
          68       0.79      0.56      0.65        59
          69       0.83      0.88      0.86        51
          70       0.58      0.70      0.64        50
          71       0.56      0.72      0.63        50
          72       0.63      0.72      0.67        54
          73       0.76      0.94      0.84        50
          74       0.61      0.76      0.68        50
          75       0.77      0.77      0.77        52
          76       0.62      0.57      0.59        53
          77       0.77      0.85      0.81        54
          78       0.71      0.78      0.74        69
          79       0.73      0.65      0.69        57
          80       0.62      0.53      0.57        53
          81       0.57      0.78      0.66        50
          82       0.46      0.62      0.53        50
          83       0.67      0.87      0.76        52
          84       0.62      0.60      0.61        52
          85       0.72      0.52      0.60        50
          86       0.76      0.80      0.78        84
          87       0.76      0.69      0.72        68
          88       0.94      0.81      0.87       118
          89       0.58      0.75      0.66        51
          90       0.76      0.81      0.79       102
          91       0.62      0.65      0.63        51
          92       0.71      0.88      0.78        56
          93       0.66      0.77      0.71        52
          94       0.78      0.73      0.75        59
          95       0.60      0.66      0.63        56
          96       0.96      0.94      0.95        70
          97       0.26      0.46      0.33        50
          98       0.76      0.54      0.63        78
          99       0.51      0.39      0.44        92
         100       0.70      0.76      0.73        50
         101       0.87      0.61      0.71       109
         102       0.89      0.82      0.85       100
         103       0.90      0.87      0.88       110
         104       0.82      0.66      0.73        95
         105       0.82      0.68      0.74       113
         106       0.86      0.89      0.88       118
         107       0.93      0.81      0.86       119
         108       0.86      0.89      0.87        96
         109       0.77      0.93      0.84        58
         110       0.73      0.81      0.77        53
         111       0.76      0.78      0.77        81
         112       0.57      0.60      0.58        55
         113       0.42      0.47      0.44        51
         114       0.38      0.42      0.40        55
         115       0.50      0.44      0.47        59
         116       0.67      0.78      0.72        55
         117       0.59      0.79      0.67        56
         118       0.89      0.82      0.85        50
         119       0.87      0.86      0.86        69

    accuracy                           0.72      8580
   macro avg       0.71      0.71      0.70      8580
weighted avg       0.73      0.72      0.72      8580
