              precision    recall  f1-score   support

           0       0.28      0.29      0.28        52
           1       0.66      0.81      0.73        85
           2       0.73      0.58      0.64       152
           3       0.48      0.63      0.54        49
           4       0.51      0.43      0.47       114
           5       0.78      0.70      0.74        88
           6       0.74      0.70      0.72        96
           7       0.54      0.57      0.55        72
           8       0.31      0.25      0.28        72
           9       0.85      0.63      0.73       139
          10       0.47      0.44      0.46        75
          11       0.55      0.37      0.44        95
          12       0.58      0.49      0.53        87
          13       0.59      0.59      0.59        71
          14       0.54      0.56      0.55        59
          15       0.39      0.49      0.43        53
          16       0.40      0.49      0.44        57
          17       0.36      0.48      0.41        48
          18       0.34      0.41      0.38        51
          19       0.54      0.36      0.44       118
          20       0.41      0.32      0.36        82
          21       0.39      0.38      0.38        87
          22       0.62      0.60      0.61        88
          23       0.67      0.65      0.66        96
          24       0.41      0.71      0.52        51
          25       0.49      0.44      0.47       100
          26       0.61      0.46      0.53       132
          27       0.55      0.60      0.57        60
          28       0.30      0.33      0.31        55
          29       0.26      0.17      0.21        64
          30       0.64      0.68      0.66        82
          31       0.72      0.67      0.69        72
          32       0.61      0.56      0.58        79
          33       0.47      0.51      0.49        69
          34       0.42      0.42      0.42        72
          35       0.49      0.47      0.48        85
          36       0.39      0.42      0.40        64
          37       0.59      0.56      0.58        57
          38       0.55      0.38      0.45        97
          39       0.62      0.64      0.63       102
          40       0.64      0.51      0.57       102
          41       0.51      0.38      0.44        97
          42       0.56      0.48      0.52        96
          43       0.59      0.60      0.60        80
          44       0.65      0.67      0.66        82
          45       0.30      0.31      0.31        54
          46       0.35      0.40      0.37        57
          47       0.41      0.55      0.47        55
          48       0.46      0.55      0.50        58
          49       0.51      0.42      0.46       106
          50       0.54      0.58      0.56        83
          51       0.42      0.50      0.46        56
          52       0.61      0.65      0.63        69
          53       0.47      0.47      0.47        86
          54       0.32      0.50      0.39        52
          55       0.49      0.59      0.54        51
          56       0.53      0.58      0.55        50
          57       0.56      0.45      0.50        71
          58       0.47      0.51      0.49        67
          59       0.55      0.52      0.53        52
          60       0.46      0.76      0.57        54
          61       0.46      0.44      0.45        61
          62       0.59      0.67      0.63        55
          63       0.52      0.64      0.58        53
          64       0.47      0.54      0.50        52
          65       0.57      0.76      0.65        50
          66       0.62      0.66      0.64        59
          67       0.55      0.62      0.58        50
          68       0.43      0.27      0.33        59
          69       0.69      0.84      0.76        51
          70       0.60      0.56      0.58        50
          71       0.43      0.64      0.51        50
          72       0.56      0.63      0.59        54
          73       0.45      0.54      0.49        50
          74       0.47      0.56      0.51        50
          75       0.36      0.54      0.43        52
          76       0.26      0.28      0.27        53
          77       0.73      0.80      0.76        54
          78       0.63      0.72      0.68        69
          79       0.46      0.46      0.46        57
          80       0.33      0.40      0.36        53
          81       0.35      0.34      0.34        50
          82       0.35      0.46      0.40        50
          83       0.49      0.58      0.53        52
          84       0.47      0.54      0.50        52
          85       0.22      0.30      0.25        50
          86       0.65      0.56      0.60        84
          87       0.50      0.57      0.53        68
          88       0.77      0.69      0.73       118
          89       0.29      0.37      0.33        51
          90       0.67      0.58      0.62       102
          91       0.34      0.33      0.34        51
          92       0.56      0.64      0.60        56
          93       0.38      0.38      0.38        52
          94       0.50      0.42      0.46        59
          95       0.28      0.27      0.27        56
          96       0.75      0.91      0.83        70
          97       0.20      0.36      0.26        50
          98       0.47      0.40      0.43        78
          99       0.43      0.35      0.39        92
         100       0.41      0.44      0.42        50
         101       0.65      0.55      0.60       109
         102       0.59      0.51      0.55       100
         103       0.76      0.82      0.79       110
         104       0.49      0.36      0.41        95
         105       0.50      0.50      0.50       113
         106       0.70      0.64      0.67       118
         107       0.82      0.68      0.74       119
         108       0.81      0.68      0.74        96
         109       0.65      0.81      0.72        58
         110       0.71      0.70      0.70        53
         111       0.63      0.58      0.60        81
         112       0.27      0.31      0.29        55
         113       0.27      0.24      0.25        51
         114       0.30      0.25      0.27        55
         115       0.12      0.08      0.10        59
         116       0.55      0.65      0.60        55
         117       0.48      0.61      0.54        56
         118       0.67      0.72      0.69        50
         119       0.74      0.74      0.74        69

    accuracy                           0.53      8580
   macro avg       0.51      0.52      0.51      8580
weighted avg       0.54      0.53      0.53      8580
