              precision    recall  f1-score   support

           0       0.94      0.92      0.93      1000
           1       0.96      0.96      0.96      1000
           2       0.88      0.89      0.89      1000
           3       0.84      0.81      0.82      1000
           4       0.91      0.92      0.92      1000
           5       0.85      0.87      0.86      1000
           6       0.93      0.95      0.94      1000
           7       0.96      0.94      0.95      1000
           8       0.95      0.96      0.96      1000
           9       0.96      0.94      0.95      1000

    accuracy                           0.92     10000
   macro avg       0.92      0.92      0.92     10000
weighted avg       0.92      0.92      0.92     10000
