brightness: [94.84, 94.73, 94.09, 93.26, 90.89]
contrast: [94.78, 91.04, 85.6, 73.12, 29.51]
defocus_blur: [94.94, 93.95, 89.84, 80.37, 54.02]
elastic_transform: [90.92, 91.21, 87.2, 81.83, 78.13]
fog: [94.78, 93.76, 91.83, 88.21, 73.97]
frost: [92.22, 87.84, 80.2, 78.37, 70.43]
gaussian_blur: [94.91, 89.68, 80.05, 65.1, 35.67]
gaussian_noise: [79.5, 59.43, 40.19, 33.05, 27.81]
glass_blur: [60.55, 61.26, 65.08, 49.13, 52.95]
impulse_noise: [83.54, 72.22, 61.57, 36.9, 21.67]
jpeg_compression: [88.07, 83.65, 81.66, 79.25, 76.33]
motion_blur: [90.77, 84.43, 75.61, 75.34, 66.06]
pixelate: [93.67, 88.99, 85.17, 68.02, 44.97]
saturate: [92.93, 89.47, 94.44, 92.12, 88.13]
shot_noise: [86.96, 77.88, 54.63, 46.36, 34.52]
snow: [91.25, 81.9, 84.85, 81.91, 77.16]
spatter: [93.25, 89.31, 85.35, 86.84, 78.21]
speckle_noise: [87.11, 73.38, 66.02, 51.81, 39.26]
zoom_blur: [88.99, 86.01, 79.89, 73.5, 62.38]
