              precision    recall  f1-score   support

           0       0.86      0.87      0.87      1000
           1       0.93      0.91      0.92      1000
           2       0.81      0.82      0.82      1000
           3       0.76      0.72      0.74      1000
           4       0.85      0.86      0.85      1000
           5       0.79      0.82      0.81      1000
           6       0.91      0.91      0.91      1000
           7       0.90      0.88      0.89      1000
           8       0.90      0.90      0.90      1000
           9       0.89      0.89      0.89      1000

    accuracy                           0.86     10000
   macro avg       0.86      0.86      0.86     10000
weighted avg       0.86      0.86      0.86     10000
