              precision    recall  f1-score   support

           0       0.86      0.87      0.86      1000
           1       0.92      0.95      0.94      1000
           2       0.78      0.80      0.79      1000
           3       0.75      0.69      0.72      1000
           4       0.85      0.82      0.84      1000
           5       0.77      0.79      0.78      1000
           6       0.85      0.91      0.88      1000
           7       0.91      0.88      0.90      1000
           8       0.91      0.92      0.91      1000
           9       0.93      0.90      0.91      1000

    accuracy                           0.85     10000
   macro avg       0.85      0.85      0.85     10000
weighted avg       0.85      0.85      0.85     10000
