              precision    recall  f1-score   support

           0       0.70      0.62      0.65        52
           1       0.79      0.86      0.82        85
           2       0.87      0.64      0.74       152
           3       0.75      0.78      0.76        49
           4       0.64      0.57      0.60       114
           5       0.86      0.90      0.88        88
           6       0.94      0.86      0.90        96
           7       0.68      0.64      0.66        72
           8       0.50      0.46      0.48        72
           9       0.97      0.92      0.94       139
          10       0.70      0.61      0.65        75
          11       0.81      0.66      0.73        95
          12       0.86      0.70      0.77        87
          13       0.71      0.65      0.68        71
          14       0.56      0.64      0.60        59
          15       0.52      0.57      0.54        53
          16       0.55      0.74      0.63        57
          17       0.47      0.56      0.51        48
          18       0.71      0.69      0.70        51
          19       0.79      0.63      0.70       118
          20       0.61      0.50      0.55        82
          21       0.55      0.53      0.54        87
          22       0.82      0.77      0.80        88
          23       0.89      0.90      0.89        96
          24       0.53      0.84      0.65        51
          25       0.81      0.68      0.74       100
          26       0.73      0.70      0.72       132
          27       0.82      0.85      0.84        60
          28       0.56      0.55      0.55        55
          29       0.52      0.41      0.46        64
          30       0.83      0.85      0.84        82
          31       0.78      0.81      0.79        72
          32       0.68      0.63      0.66        79
          33       0.59      0.74      0.66        69
          34       0.51      0.62      0.56        72
          35       0.81      0.67      0.74        85
          36       0.53      0.66      0.59        64
          37       0.64      0.68      0.66        57
          38       0.68      0.47      0.56        97
          39       0.78      0.75      0.76       102
          40       0.82      0.74      0.78       102
          41       0.76      0.62      0.68        97
          42       0.69      0.62      0.66        96
          43       0.74      0.76      0.75        80
          44       0.90      0.79      0.84        82
          45       0.58      0.48      0.53        54
          46       0.48      0.58      0.52        57
          47       0.52      0.62      0.56        55
          48       0.68      0.71      0.69        58
          49       0.67      0.60      0.64       106
          50       0.70      0.64      0.67        83
          51       0.47      0.61      0.53        56
          52       0.73      0.78      0.76        69
          53       0.41      0.47      0.43        86
          54       0.62      0.77      0.68        52
          55       0.71      0.76      0.74        51
          56       0.62      0.86      0.72        50
          57       0.62      0.58      0.60        71
          58       0.63      0.73      0.68        67
          59       0.80      0.77      0.78        52
          60       0.66      0.81      0.73        54
          61       0.73      0.74      0.73        61
          62       0.82      0.93      0.87        55
          63       0.75      0.83      0.79        53
          64       0.66      0.75      0.70        52
          65       0.73      0.94      0.82        50
          66       0.84      0.80      0.82        59
          67       0.79      0.76      0.78        50
          68       0.74      0.66      0.70        59
          69       0.82      0.82      0.82        51
          70       0.70      0.74      0.72        50
          71       0.56      0.74      0.64        50
          72       0.67      0.74      0.70        54
          73       0.73      0.82      0.77        50
          74       0.67      0.82      0.74        50
          75       0.58      0.69      0.63        52
          76       0.55      0.55      0.55        53
          77       0.82      0.91      0.86        54
          78       0.74      0.84      0.79        69
          79       0.74      0.65      0.69        57
          80       0.69      0.55      0.61        53
          81       0.57      0.66      0.61        50
          82       0.41      0.56      0.47        50
          83       0.76      0.85      0.80        52
          84       0.64      0.58      0.61        52
          85       0.60      0.62      0.61        50
          86       0.78      0.76      0.77        84
          87       0.67      0.69      0.68        68
          88       0.89      0.81      0.85       118
          89       0.47      0.67      0.55        51
          90       0.77      0.73      0.75       102
          91       0.54      0.67      0.60        51
          92       0.80      0.80      0.80        56
          93       0.57      0.75      0.65        52
          94       0.69      0.68      0.68        59
          95       0.55      0.46      0.50        56
          96       0.89      0.91      0.90        70
          97       0.26      0.46      0.34        50
          98       0.69      0.59      0.63        78
          99       0.54      0.40      0.46        92
         100       0.67      0.72      0.69        50
         101       0.80      0.58      0.67       109
         102       0.85      0.75      0.80       100
         103       0.89      0.85      0.87       110
         104       0.70      0.67      0.69        95
         105       0.73      0.71      0.72       113
         106       0.85      0.81      0.83       118
         107       0.92      0.82      0.87       119
         108       0.85      0.84      0.85        96
         109       0.92      0.93      0.92        58
         110       0.71      0.83      0.77        53
         111       0.78      0.64      0.70        81
         112       0.47      0.55      0.50        55
         113       0.39      0.39      0.39        51
         114       0.33      0.36      0.35        55
         115       0.53      0.44      0.48        59
         116       0.73      0.73      0.73        55
         117       0.58      0.79      0.67        56
         118       0.71      0.80      0.75        50
         119       0.78      0.83      0.80        69

    accuracy                           0.70      8580
   macro avg       0.69      0.70      0.69      8580
weighted avg       0.71      0.70      0.70      8580
