              precision    recall  f1-score   support

           0       0.03      0.02      0.02        52
           1       0.34      0.20      0.25        85
           2       0.14      0.14      0.14       152
           3       0.03      0.04      0.04        49
           4       0.07      0.03      0.04       114
           5       0.23      0.36      0.28        88
           6       0.20      0.23      0.21        96
           7       0.19      0.11      0.14        72
           8       0.04      0.03      0.03        72
           9       0.07      0.01      0.02       139
          10       0.06      0.04      0.05        75
          11       0.18      0.17      0.18        95
          12       0.14      0.11      0.13        87
          13       0.10      0.06      0.07        71
          14       0.08      0.07      0.07        59
          15       0.06      0.04      0.05        53
          16       0.10      0.14      0.12        57
          17       0.13      0.21      0.16        48
          18       0.07      0.06      0.06        51
          19       0.12      0.03      0.04       118
          20       0.02      0.01      0.02        82
          21       0.07      0.05      0.05        87
          22       0.15      0.19      0.17        88
          23       0.07      0.05      0.06        96
          24       0.14      0.29      0.19        51
          25       0.03      0.01      0.02       100
          26       0.23      0.21      0.22       132
          27       0.20      0.20      0.20        60
          28       0.06      0.09      0.07        55
          29       0.00      0.00      0.00        64
          30       0.20      0.18      0.19        82
          31       0.15      0.15      0.15        72
          32       0.12      0.15      0.14        79
          33       0.04      0.04      0.04        69
          34       0.13      0.14      0.13        72
          35       0.10      0.21      0.14        85
          36       0.07      0.11      0.09        64
          37       0.09      0.11      0.10        57
          38       0.33      0.02      0.04        97
          39       0.17      0.14      0.15       102
          40       0.15      0.06      0.09       102
          41       0.15      0.11      0.13        97
          42       0.14      0.08      0.10        96
          43       0.20      0.21      0.20        80
          44       0.24      0.20      0.21        82
          45       0.06      0.13      0.08        54
          46       0.11      0.09      0.10        57
          47       0.07      0.02      0.03        55
          48       0.08      0.16      0.11        58
          49       0.13      0.08      0.10       106
          50       0.14      0.18      0.16        83
          51       0.09      0.12      0.10        56
          52       0.10      0.25      0.14        69
          53       0.09      0.08      0.09        86
          54       0.14      0.06      0.08        52
          55       0.06      0.10      0.08        51
          56       0.07      0.14      0.10        50
          57       0.09      0.07      0.08        71
          58       0.07      0.06      0.07        67
          59       0.11      0.15      0.12        52
          60       0.11      0.22      0.15        54
          61       0.03      0.02      0.02        61
          62       0.15      0.27      0.19        55
          63       0.17      0.23      0.19        53
          64       0.14      0.15      0.14        52
          65       0.14      0.30      0.19        50
          66       0.17      0.19      0.18        59
          67       0.21      0.20      0.20        50
          68       0.15      0.08      0.11        59
          69       0.10      0.18      0.13        51
          70       0.23      0.38      0.29        50
          71       0.07      0.10      0.08        50
          72       0.09      0.19      0.12        54
          73       0.15      0.20      0.17        50
          74       0.10      0.04      0.06        50
          75       0.04      0.08      0.05        52
          76       0.00      0.00      0.00        53
          77       0.25      0.43      0.31        54
          78       0.11      0.07      0.09        69
          79       0.10      0.12      0.11        57
          80       0.07      0.02      0.03        53
          81       0.10      0.16      0.12        50
          82       0.10      0.22      0.14        50
          83       0.14      0.25      0.18        52
          84       0.03      0.02      0.02        52
          85       0.09      0.12      0.10        50
          86       0.24      0.23      0.23        84
          87       0.14      0.16      0.15        68
          88       0.28      0.14      0.19       118
          89       0.07      0.12      0.09        51
          90       0.29      0.37      0.33       102
          91       0.08      0.06      0.07        51
          92       0.21      0.34      0.26        56
          93       0.08      0.10      0.09        52
          94       0.08      0.08      0.08        59
          95       0.07      0.04      0.05        56
          96       0.23      0.23      0.23        70
          97       0.02      0.04      0.03        50
          98       0.02      0.01      0.02        78
          99       0.14      0.15      0.14        92
         100       0.12      0.14      0.13        50
         101       0.22      0.15      0.17       109
         102       0.13      0.11      0.12       100
         103       0.19      0.14      0.16       110
         104       0.17      0.04      0.07        95
         105       0.08      0.02      0.03       113
         106       0.25      0.25      0.25       118
         107       0.29      0.32      0.30       119
         108       0.18      0.12      0.15        96
         109       0.19      0.48      0.27        58
         110       0.10      0.09      0.10        53
         111       0.14      0.20      0.16        81
         112       0.00      0.00      0.00        55
         113       0.04      0.02      0.03        51
         114       0.04      0.04      0.04        55
         115       0.00      0.00      0.00        59
         116       0.10      0.15      0.12        55
         117       0.09      0.11      0.10        56
         118       0.09      0.18      0.12        50
         119       0.15      0.20      0.17        69

    accuracy                           0.13      8580
   macro avg       0.12      0.13      0.12      8580
weighted avg       0.13      0.13      0.12      8580
